pop	pop_type	num_TP	out	coexist_length	mutate_TP	SE	SF	SP	NE	NF	NP	IE	IF	IP	S1	S2	S3	S4	S5	S6	S7	S8	N1	N2	N3	N4	N5	N6	N7	N8	I1	I2	I3	I4	I5	I6	I7	I8
101	wt	8	1	1650	297	27	0	0	63	0	3	8	0	1	19	0	0	0	0	0	0	0	45	0	0	0	1	0	0	0	2	0	0	0	0	0	0	0
101	wt	8	1	1650	660	2	0	4	6	0	13	7	0	5	2	0	2	0	3	0	0	0	6	1	7	4	5	1	0	0	8	0	0	4	0	3	0	0
101	wt	8	1	1650	990	3	0	10	9	0	19	3	0	8	3	0	2	9	0	0	0	0	9	0	10	7	1	1	0	0	3	0	1	6	0	0	0	0
101	wt	8	1	1650	1320	9	0	36	29	0	94	7	0	21	9	0	13	21	0	1	0	0	29	0	48	46	1	0	0	0	8	0	13	7	0	1	0	0
101	wt	8	1	1650	1650	38	0	40	105	0	106	68	0	19	38	0	25	13	0	1	0	0	105	0	75	26	1	1	0	0	68	0	12	7	0	0	0	0
101	wt	8	1	1650	2310	7	1	9	10	1	33	4	0	9	7	0	13	6	0	3	0	0	10	0	41	31	0	5	0	0	5	0	10	6	0	1	0	0
101	wt	8	1	1650	2640	0	0	102	0	0	272	0	0	81	39	0	4	13	1	33	0	0	87	1	16	44	2	78	0	0	44	0	3	8	0	17	0	0
101	wt	8	1	1650	2970	0	0	49	0	0	219	0	0	107	0	0	0	0	0	57	0	0	0	0	0	0	0	237	0	0	0	0	0	0	0	111	0	0
102	del_mutL_srlD	9	1	330	297	1	0	16	4	0	3	3	1	1	1	0	0	0	0	11	0	0	3	0	0	0	0	3	0	0	2	0	0	0	0	0	0	0
102	del_mutL_srlD	9	1	330	660	32	4	19	81	11	22	46	4	8	31	3	7	5	2	8	0	0	80	7	17	14	1	1	0	0	46	2	3	5	2	3	0	0
102	del_mutL_srlD	9	1	330	990	30	7	13	64	7	20	22	2	8	30	3	13	3	0	1	0	0	59	2	19	8	1	0	0	0	28	1	6	3	0	0	0	0
102	del_mutL_srlD	9	1	330	1320	25	0	9	41	1	34	10	4	6	22	0	5	8	0	0	0	0	36	0	27	12	0	1	0	0	10	0	7	3	0	0	0	0
102	del_mutL_srlD	9	1	330	1650	46	0	24	113	2	37	84	1	4	45	0	4	15	0	10	0	0	110	0	21	18	0	3	0	0	78	0	3	5	0	0	0	0
102	del_mutL_srlD	9	1	330	1980	109	0	25	226	0	20	63	0	4	108	0	0	18	0	7	0	0	223	0	0	21	0	1	0	0	58	0	0	9	0	0	0	0
102	del_mutL_srlD	9	1	330	2310	10	2	15	18	12	65	5	4	10	10	0	18	3	0	1	0	0	18	0	68	5	0	11	0	0	6	0	14	4	0	2	0	0
102	del_mutL_srlD	9	1	330	2640	82	2	24	162	9	84	108	3	13	82	0	5	4	0	12	0	0	161	2	28	19	0	37	0	0	101	0	4	1	0	8	0	0
102	del_mutL_srlD	9	1	330	2970	0	0	69	0	0	141	0	0	24	0	0	0	0	0	69	0	0	0	0	0	0	0	140	0	0	0	0	0	0	0	24	0	0
103	del_araBAD	9	0	0	297	30	0	0	75	1	0	15	0	2	21	0	0	0	0	0	0	0	50	1	0	0	0	0	0	0	12	0	0	0	0	0	0	0
103	del_araBAD	9	0	0	660	6	0	0	5	1	0	11	1	0	6	0	0	0	0	0	0	0	6	1	0	0	0	0	0	0	17	0	1	1	1	0	0	0
103	del_araBAD	9	0	0	990	2	0	0	3	0	1	12	0	0	8	0	0	0	0	0	0	0	23	0	0	2	0	0	0	0	14	0	0	1	0	0	0	0
103	del_araBAD	9	0	0	1320	1	0	0	4	0	1	2	0	0	1	0	0	0	0	0	0	0	4	0	0	1	0	0	0	0	2	0	0	0	0	0	0	0
103	del_araBAD	9	0	0	1650	25	0	0	45	0	4	38	0	1	27	0	0	0	0	0	0	0	49	0	0	1	0	0	0	0	33	0	0	0	0	0	0	0
103	del_araBAD	9	0	0	1980	1	0	0	17	0	1	10	0	4	1	0	0	0	0	0	0	0	16	0	4	1	0	0	0	0	10	0	0	5	0	0	0	0
103	del_araBAD	9	0	0	2310	19	0	0	15	0	0	5	0	0	19	0	0	0	0	0	0	0	16	0	0	0	0	0	0	0	4	0	1	0	0	0	0	0
103	del_araBAD	9	0	0	2640	19	0	0	48	0	4	40	0	1	19	0	0	0	0	0	0	0	48	0	0	0	0	4	0	0	40	0	0	0	0	1	0	0
103	del_araBAD	9	0	0	2970	0	0	21	0	0	53	0	0	7	0	0	0	0	0	22	0	0	0	0	0	0	0	51	0	0	0	0	0	0	1	5	0	0
104	del_mutL	9	1	2310	297	9	1	20	27	3	21	23	1	14	0	1	0	0	0	0	0	0	0	2	2	0	0	0	0	0	1	0	1	0	0	0	0	0
104	del_mutL	9	1	2310	660	21	0	20	73	1	33	18	1	11	24	0	27	12	0	0	0	0	78	1	38	13	0	2	0	0	24	0	14	2	0	8	0	0
104	del_mutL	9	1	2310	990	29	0	6	58	1	27	17	1	6	30	0	2	5	0	0	0	0	59	0	21	13	0	2	0	0	17	0	6	2	0	1	0	0
104	del_mutL	9	1	2310	1320	34	0	13	134	1	21	28	0	7	34	0	8	5	0	2	0	0	143	0	9	13	0	2	0	0	30	0	4	4	0	0	0	0
104	del_mutL	9	1	2310	1650	7	0	2	24	0	12	23	0	3	11	0	0	22	0	1	0	0	44	0	6	29	0	5	0	0	36	0	1	8	0	2	0	0
104	del_mutL	9	1	2310	1980	84	0	76	293	0	183	69	1	39	83	0	21	25	0	11	0	0	281	0	38	96	0	17	0	0	70	0	10	18	0	1	0	0
104	del_mutL	9	1	2310	2310	16	1	13	51	1	29	7	0	3	16	0	11	2	0	2	0	0	52	0	29	7	0	0	0	0	10	0	4	1	0	0	0	0
104	del_mutL	9	1	2310	2640	35	0	32	112	0	84	58	1	17	34	1	2	15	0	13	0	0	111	1	8	58	0	10	0	0	57	0	1	10	0	5	0	0
104	del_mutL	9	1	2310	2970	0	0	32	0	0	113	0	0	23	0	0	0	0	0	31	0	0	0	0	0	0	0	112	0	0	0	0	0	0	1	22	0	0
105	del_srlD	8	0	0	297	4	0	18	5	0	5	8	0	4	0	0	0	0	0	0	0	0	4	0	0	0	0	0	0	0	1	0	0	0	0	0	0	0
105	del_srlD	8	0	0	660	0	0	3	4	0	3	26	0	8	0	0	0	23	0	0	0	0	4	0	0	5	3	0	0	0	28	1	0	23	1	0	0	0
105	del_srlD	8	0	0	990	0	0	0	4	0	2	4	0	1	0	0	0	4	0	0	0	0	4	0	0	2	0	0	0	0	4	0	0	1	0	0	0	0
105	del_srlD	8	0	0	1650	0	0	9	4	0	8	2	0	0	0	0	0	7	0	0	0	0	4	0	0	5	3	0	0	0	2	0	0	0	1	0	0	0
105	del_srlD	8	0	0	1980	8	0	33	17	0	16	15	0	10	10	0	0	27	0	0	0	0	18	0	0	16	0	0	0	0	15	0	0	10	0	0	0	0
105	del_srlD	8	0	0	2310	33	0	8	77	0	2	23	0	0	37	0	0	8	0	0	0	0	78	0	0	1	0	0	0	0	28	0	0	1	0	0	0	0
105	del_srlD	8	0	0	2640	8	0	7	26	0	7	21	1	28	8	0	0	1	0	6	0	0	26	0	1	4	0	3	0	0	21	0	3	5	0	6	0	0
105	del_srlD	8	0	0	2970	0	0	13	0	0	24	0	0	11	0	0	0	0	0	13	0	0	0	0	0	0	0	23	0	0	0	0	0	0	0	11	0	0
106	del_mutL_araBAD	9	1	2310	297	22	3	4	71	11	7	21	1	3	2	3	0	0	0	0	0	0	10	9	0	0	1	0	0	0	1	1	0	0	0	0	0	0
106	del_mutL_araBAD	9	1	2310	660	27	0	12	35	2	16	31	0	7	28	0	14	2	0	0	0	0	38	1	20	5	0	0	0	0	33	0	5	2	0	4	0	0
106	del_mutL_araBAD	9	1	2310	990	19	0	9	45	0	13	24	0	8	20	0	9	2	0	0	0	0	48	1	9	8	0	0	0	0	24	0	5	2	0	0	0	0
106	del_mutL_araBAD	9	1	2310	1320	50	0	15	68	0	30	26	0	7	50	0	6	9	0	3	0	0	68	1	12	16	0	1	0	0	26	0	1	5	0	1	0	0
106	del_mutL_araBAD	9	1	2310	1650	52	0	27	100	0	56	69	0	6	52	0	9	12	0	3	0	0	100	0	35	15	0	5	0	0	69	0	1	5	0	1	0	0
106	del_mutL_araBAD	9	1	2310	1980	51	0	25	114	0	43	29	0	7	51	0	2	5	0	19	0	0	112	0	2	15	0	27	0	0	30	0	0	1	0	7	0	0
106	del_mutL_araBAD	9	1	2310	2310	8	0	3	18	0	8	3	0	1	27	0	0	5	0	3	0	0	74	0	1	24	0	5	0	0	21	0	2	4	0	0	0	0
106	del_mutL_araBAD	9	1	2310	2640	55	0	65	106	0	106	58	0	19	54	0	1	4	0	53	0	0	107	0	4	10	0	66	0	0	57	0	1	2	0	10	0	0
106	del_mutL_araBAD	9	1	2310	2970	0	0	64	0	0	121	0	0	29	0	0	0	0	0	63	0	0	0	0	0	0	0	120	0	0	0	0	0	0	0	28	0	0
107	del_mutL_srlD	9	1	1650	297	18	0	7	11	1	5	5	1	3	1	0	0	0	0	0	0	0	3	0	0	0	0	0	0	0	2	0	0	0	0	0	0	0
107	del_mutL_srlD	9	1	1650	660	29	4	21	57	7	48	77	0	1	30	0	14	1	0	17	0	0	58	0	57	7	0	5	0	0	79	0	3	1	0	1	0	0
107	del_mutL_srlD	9	1	1650	990	36	0	20	96	1	16	20	1	2	39	0	0	4	0	16	0	0	100	0	4	10	0	3	0	0	21	0	1	2	0	0	0	0
107	del_mutL_srlD	9	1	1650	1320	40	2	12	92	11	55	16	3	7	44	0	9	2	0	3	0	0	98	0	57	1	0	1	0	0	16	0	8	0	0	1	0	0
107	del_mutL_srlD	9	1	1650	1650	57	0	9	113	1	21	60	2	2	58	0	6	1	0	2	0	0	110	0	20	2	0	2	0	0	58	0	4	1	0	0	0	0
107	del_mutL_srlD	9	1	1650	1980	108	1	39	233	5	55	69	4	10	105	0	23	19	0	4	0	0	228	0	47	17	0	2	0	0	71	0	10	2	0	3	0	0
107	del_mutL_srlD	9	1	1650	2310	12	0	2	25	1	3	3	0	1	18	0	1	1	0	0	0	0	27	0	5	2	0	0	0	0	5	0	2	1	0	0	0	0
107	del_mutL_srlD	9	1	1650	2640	51	2	14	134	8	59	64	2	11	51	0	6	3	0	7	0	0	134	0	38	9	1	14	0	0	63	0	3	1	0	6	0	0
107	del_mutL_srlD	9	1	1650	2970	0	0	64	0	0	109	0	0	32	0	0	0	0	1	62	0	0	0	0	0	0	1	104	0	0	0	0	0	0	4	27	0	0
108	del_araBAD	8	1	1980	297	26	0	1	43	0	4	9	0	8	26	0	0	0	0	1	0	0	43	0	1	0	1	0	0	0	9	0	1	0	0	5	0	0
108	del_araBAD	8	1	1980	660	40	0	0	9	0	1	62	0	0	40	0	0	0	0	0	0	0	9	0	0	0	0	0	0	0	60	0	0	0	0	0	0	0
108	del_araBAD	8	1	1980	990	0	0	1	5	0	0	1	0	0	0	0	0	0	0	0	0	0	0	0	0	0	0	0	0	0	0	0	0	0	0	0	0	0
108	del_araBAD	8	1	1980	1320	17	0	4	41	0	12	7	0	4	17	0	1	0	0	5	0	0	42	0	1	0	0	15	0	0	7	0	0	0	0	6	0	0
108	del_araBAD	8	1	1980	1980	5	0	3	17	0	4	13	0	6	5	0	0	0	0	5	0	0	17	0	1	0	0	3	0	0	13	0	1	0	0	5	0	0
108	del_araBAD	8	1	1980	2310	2	0	4	12	0	1	2	0	3	2	0	0	0	0	4	0	0	12	0	0	0	0	1	0	0	2	0	0	0	0	3	0	0
108	del_araBAD	8	1	1980	2640	0	0	23	0	0	32	0	0	60	0	0	0	0	0	20	0	0	0	0	0	0	0	32	0	0	0	0	0	0	0	60	0	0
108	del_araBAD	8	1	1980	2970	0	0	51	0	0	226	0	0	145	0	0	0	0	0	51	0	0	0	0	0	0	0	229	0	0	0	0	0	0	1	147	0	0
109	del_mutL	9	1	1980	297	0	0	0	1	0	1	0	0	0	0	0	0	0	0	0	0	0	1	0	0	0	0	0	0	0	0	0	0	0	1	0	0	0
109	del_mutL	9	1	1980	660	17	0	8	37	1	20	13	0	3	17	0	8	0	0	0	0	0	37	0	16	7	0	0	0	0	11	0	1	3	0	0	0	0
109	del_mutL	9	1	1980	990	28	0	18	40	0	39	14	1	11	28	0	9	12	0	0	0	0	41	0	31	9	0	1	0	0	13	0	7	6	0	0	0	0
109	del_mutL	9	1	1980	1320	13	0	12	24	0	29	8	0	12	13	0	1	10	0	0	0	0	24	0	4	23	0	0	0	0	8	0	3	9	0	0	0	0
109	del_mutL	9	1	1980	1650	58	0	23	194	0	59	55	0	6	59	0	5	21	0	1	0	0	194	0	37	27	0	2	0	0	55	0	4	2	0	0	0	0
109	del_mutL	9	1	1980	1980	104	0	77	312	0	165	53	0	32	122	0	15	44	0	2	0	0	320	0	70	105	0	6	0	0	63	0	8	23	0	3	0	0
109	del_mutL	9	1	1980	2310	3	0	6	19	1	18	1	0	5	3	0	11	18	0	0	0	0	19	0	24	78	0	4	0	0	1	0	11	19	0	1	0	0
109	del_mutL	9	1	1980	2640	0	0	114	1	0	388	0	3	158	0	0	8	14	0	61	0	0	0	1	22	72	0	176	0	0	0	1	7	14	0	102	0	0
109	del_mutL	9	1	1980	2970	0	0	52	0	0	136	0	0	28	0	0	0	0	0	51	0	0	0	0	0	0	0	134	0	0	0	0	0	0	0	27	0	0
110	del_srlD	9	0	0	297	0	0	11	2	0	3	1	0	0	0	0	0	0	0	3	0	0	1	0	0	0	0	0	0	0	0	0	0	0	0	0	0	0
110	del_srlD	9	0	0	660	6	0	8	7	0	4	18	0	6	6	0	11	0	0	5	0	0	7	0	5	1	0	1	0	0	19	0	1	2	0	3	0	0
110	del_srlD	9	0	0	990	4	0	0	6	0	0	5	0	1	4	0	0	0	0	0	0	0	6	0	0	0	0	0	0	0	6	0	1	0	0	0	0	0
110	del_srlD	9	0	0	1320	6	0	1	9	0	2	6	0	0	6	0	1	0	0	0	0	0	9	0	1	2	0	0	0	0	6	0	0	0	0	0	0	0
110	del_srlD	9	0	0	1650	15	1	11	29	0	4	42	0	0	15	0	7	0	0	5	0	0	29	0	1	0	0	3	0	0	41	0	0	0	0	0	0	0
110	del_srlD	9	0	0	1980	13	2	32	17	0	19	43	0	8	13	0	2	9	0	23	0	0	18	0	0	8	0	12	0	0	43	0	0	1	0	7	0	0
110	del_srlD	9	0	0	2310	2	0	0	13	0	1	7	0	0	2	0	0	1	0	0	0	0	13	0	0	1	0	1	0	0	7	0	0	1	0	0	0	0
110	del_srlD	9	0	0	2640	32	1	17	55	0	9	79	0	23	32	0	1	7	0	9	0	0	55	0	0	2	0	4	0	0	79	0	0	19	0	3	0	0
110	del_srlD	9	0	0	2970	0	0	14	0	0	51	0	0	20	0	0	0	0	0	14	0	0	0	0	0	0	0	51	0	0	0	0	0	0	0	20	0	0
111	del_mutL_araBAD	9	1	1320	297	28	0	3	38	0	8	16	0	4	10	0	0	0	0	0	0	0	12	0	0	0	0	1	0	0	5	0	0	0	1	1	0	0
111	del_mutL_araBAD	9	1	1320	660	31	0	11	54	0	20	22	0	10	33	0	10	2	0	4	0	0	60	0	20	3	0	8	0	0	24	0	6	1	0	6	0	0
111	del_mutL_araBAD	9	1	1320	990	32	0	3	34	0	6	12	0	8	50	0	0	3	0	8	0	0	54	0	0	7	0	19	0	0	22	0	0	0	0	11	0	0
111	del_mutL_araBAD	9	1	1320	1320	4	0	12	10	0	29	5	0	6	4	0	0	0	0	12	0	0	10	0	0	0	0	27	0	0	5	0	0	0	0	6	0	0
111	del_mutL_araBAD	9	1	1320	1650	68	0	85	129	0	230	55	0	30	66	0	30	0	0	49	0	0	131	0	104	2	0	108	0	0	55	0	15	0	0	11	0	0
111	del_mutL_araBAD	9	1	1320	1980	52	0	63	147	1	113	32	0	23	52	0	18	0	0	43	0	0	146	0	47	2	2	62	0	0	32	0	12	0	0	14	0	0
111	del_mutL_araBAD	9	1	1320	2310	129	1	108	325	0	214	74	0	34	128	0	24	1	0	82	0	0	323	0	36	1	0	175	0	0	74	0	9	0	0	25	0	0
111	del_mutL_araBAD	9	1	1320	2640	91	0	70	241	1	160	77	0	27	91	0	8	0	1	62	0	0	241	0	31	2	0	128	0	0	77	0	5	0	0	19	0	0
111	del_mutL_araBAD	9	1	1320	2970	0	0	68	0	0	134	0	0	42	0	0	0	0	0	68	0	0	0	0	0	0	1	131	0	0	0	0	0	0	0	41	0	0
112	wt	7	-1	0	297	7	0	0	1	0	0	0	0	0	0	0	0	0	0	0	0	0	0	0	0	0	0	0	0	0	0	0	0	0	0	0	0	0
112	wt	7	-1	0	660	1	0	0	4	0	1	9	0	4	0	0	0	0	0	0	0	0	0	0	0	0	0	0	0	0	0	0	0	0	0	0	0	0
112	wt	7	-1	0	990	2	0	0	4	0	1	1	0	3	0	0	0	0	0	0	0	0	0	0	0	0	0	0	0	0	0	0	0	0	0	0	0	0
112	wt	7	-1	0	1320	3	0	0	4	0	0	2	0	2	0	0	0	0	0	0	0	0	0	0	0	0	0	0	0	0	0	0	0	0	0	0	0	0
112	wt	7	-1	0	2310	3	0	8	5	0	14	0	0	4	0	0	0	0	0	0	0	0	0	0	0	0	0	0	0	0	0	0	0	0	0	0	0	0
112	wt	7	-1	0	2640	17	0	11	36	0	6	67	0	4	0	0	0	0	0	0	0	0	0	0	0	0	0	0	0	0	0	0	0	0	0	0	0	0
112	wt	7	-1	0	2970	0	0	28	0	0	62	0	0	14	0	0	0	0	0	0	0	0	0	0	0	0	0	0	0	0	0	0	0	0	0	0	0	0
113	wt	8	1	1980	660	2	0	14	5	1	42	18	0	10	0	3	4	0	0	1	0	0	0	11	8	0	0	0	0	0	0	4	2	0	0	0	0	0
113	wt	8	1	1980	990	9	0	11	36	0	15	15	0	7	9	0	5	2	0	10	0	0	36	0	12	9	0	22	0	0	19	0	2	5	0	4	0	0
113	wt	8	1	1980	1320	13	0	5	44	0	12	13	0	2	13	0	0	1	0	4	0	0	44	0	0	8	0	6	0	0	16	0	0	0	0	2	0	0
113	wt	8	1	1980	1650	52	0	22	93	0	59	52	0	6	52	0	0	0	0	24	0	0	93	0	1	6	0	54	0	0	52	0	0	0	0	6	0	0
113	wt	8	1	1980	1980	31	0	17	48	0	26	5	0	0	33	0	0	1	0	16	0	0	53	0	0	0	0	25	0	0	13	0	0	0	0	0	0	0
113	wt	8	1	1980	2310	31	0	22	66	0	39	18	0	9	31	0	0	1	0	21	0	0	66	0	1	1	0	39	0	0	21	0	0	1	0	9	0	0
113	wt	8	1	1980	2640	50	0	62	95	0	140	81	0	27	50	0	1	4	0	55	0	0	95	0	2	20	0	109	0	0	81	0	0	1	0	25	0	0
113	wt	8	1	1980	2970	0	0	32	0	0	107	0	0	13	0	0	0	0	0	32	0	0	0	0	0	0	0	107	0	0	0	0	0	0	0	13	0	0
114	del_mutL_srlD	8	1	990	297	30	0	42	62	0	43	14	0	5	0	0	0	1	1	0	0	0	4	0	1	0	0	1	0	0	3	0	1	0	0	0	0	0
114	del_mutL_srlD	8	1	990	660	47	0	11	77	0	30	40	0	6	45	0	19	5	0	25	0	0	79	0	46	11	0	14	0	0	40	0	6	2	0	2	0	0
114	del_mutL_srlD	8	1	990	990	17	0	20	24	0	39	16	0	5	14	0	11	3	0	8	0	0	24	0	21	7	0	15	0	0	16	0	1	3	0	3	0	0
114	del_mutL_srlD	8	1	990	1320	32	0	4	43	0	9	13	0	1	32	0	0	1	0	4	0	0	43	0	1	6	0	2	0	0	11	0	0	2	0	0	0	0
114	del_mutL_srlD	8	1	990	1650	33	0	44	59	0	47	22	0	13	34	0	20	11	0	18	0	0	59	0	29	4	0	16	0	0	24	0	8	1	0	5	0	0
114	del_mutL_srlD	8	1	990	1980	86	0	42	144	0	61	42	0	16	83	0	2	39	0	15	0	0	139	0	2	39	0	30	0	0	36	0	0	20	0	6	0	0
114	del_mutL_srlD	8	1	990	2310	45	2	44	128	0	87	33	0	32	66	2	0	12	0	34	0	0	177	0	1	38	0	58	0	0	37	0	1	8	0	25	0	0
114	del_mutL_srlD	8	1	990	2640	0	0	123	0	0	237	0	0	125	0	0	0	0	0	117	0	0	0	0	0	0	0	223	0	0	0	0	0	0	0	122	0	0
115	del_araBAD	9	0	0	297	12	0	0	1	1	3	66	0	3	12	0	0	0	0	0	0	0	1	1	0	0	2	0	0	0	62	0	0	0	1	2	0	0
115	del_araBAD	9	0	0	660	4	0	0	7	0	0	7	0	2	4	0	0	0	0	0	0	0	6	0	0	0	0	0	0	0	6	0	0	0	0	1	0	0
115	del_araBAD	9	0	0	990	19	0	0	53	0	1	13	0	2	18	0	0	0	0	0	0	0	48	0	0	0	0	0	0	0	10	0	0	0	0	0	0	0
115	del_araBAD	9	0	0	1320	11	0	1	6	0	1	8	0	0	11	0	1	0	0	0	0	0	6	0	1	0	0	2	0	0	12	0	0	0	0	1	0	0
115	del_araBAD	9	0	0	1650	16	0	1	32	0	1	17	0	2	16	0	1	0	0	0	0	0	32	0	1	0	0	1	0	0	18	0	2	0	0	0	0	0
115	del_araBAD	9	0	0	1980	21	0	26	26	0	46	10	0	11	21	0	4	0	0	24	0	0	25	0	12	0	0	35	0	0	10	0	2	0	0	11	0	0
115	del_araBAD	9	0	0	2310	31	0	2	75	0	11	23	0	3	32	0	0	2	0	0	0	0	79	0	1	10	0	1	0	0	26	0	1	2	0	1	0	0
115	del_araBAD	9	0	0	2640	16	0	52	54	0	120	49	0	31	16	0	1	12	0	39	0	0	56	0	2	28	0	88	0	0	49	0	0	5	0	25	0	0
115	del_araBAD	9	0	0	2970	0	0	56	0	0	86	0	0	22	0	0	0	0	0	54	0	0	0	0	0	0	0	86	0	0	0	0	0	0	0	22	0	0
116	del_mutL	9	1	330	297	52	0	0	111	0	1	23	0	3	28	0	0	0	0	0	0	0	58	0	0	0	0	0	0	0	10	0	0	0	0	2	0	0
116	del_mutL	9	1	330	660	66	0	0	147	0	0	38	0	1	63	0	0	26	0	0	0	0	119	0	1	70	0	1	0	0	28	0	0	17	0	2	0	0
116	del_mutL	9	1	330	990	38	0	0	73	0	0	28	0	0	37	0	0	5	0	0	0	0	73	0	0	6	0	0	0	0	26	0	0	2	0	0	0	0
116	del_mutL	9	1	330	1320	11	0	7	21	0	1	6	0	1	13	0	0	12	0	7	0	0	25	0	0	19	0	1	0	0	13	0	0	1	0	0	0	0
116	del_mutL	9	1	330	1650	169	0	0	295	0	0	69	0	1	116	0	0	38	0	0	0	0	205	0	0	69	0	0	0	0	50	0	0	17	0	0	0	0
116	del_mutL	9	1	330	1980	206	0	0	347	0	1	68	0	2	206	0	0	0	0	0	0	0	352	0	0	1	0	0	0	0	70	0	0	0	0	3	0	0
116	del_mutL	9	1	330	2310	91	0	0	162	0	0	32	0	0	39	0	0	60	0	0	0	0	68	0	0	117	0	0	0	0	12	0	0	30	0	0	0	0
116	del_mutL	9	1	330	2640	246	0	0	433	0	1	144	0	0	234	0	0	1	0	0	0	0	406	0	0	1	0	1	0	0	134	0	0	0	0	0	0	0
116	del_mutL	9	1	330	2970	0	0	86	0	0	87	0	0	36	0	0	0	0	2	85	0	0	0	0	0	0	5	82	0	0	0	0	0	0	0	35	0	0
117	del_srlD	8	0	0	297	0	0	19	0	0	5	2	0	0	0	0	0	0	0	0	0	0	0	0	0	0	1	0	0	0	0	0	0	0	0	0	0	0
117	del_srlD	8	0	0	660	1	0	0	1	0	1	14	0	2	1	0	8	0	0	8	0	0	1	0	2	0	0	3	0	0	15	0	0	0	1	1	0	0
117	del_srlD	8	0	0	990	84	0	0	21	0	1	14	0	1	84	0	3	0	0	0	0	0	21	0	0	0	0	2	0	0	14	0	0	0	0	1	0	0
117	del_srlD	8	0	0	1320	6	0	1	14	0	2	2	0	2	6	0	0	26	0	1	0	0	14	0	0	14	0	3	0	0	3	0	0	15	0	2	0	0
117	del_srlD	8	0	0	1650	0	0	14	1	0	5	1	0	0	0	0	0	0	0	14	0	0	1	0	0	0	0	5	0	0	1	0	0	0	0	1	0	0
117	del_srlD	8	0	0	1980	5	0	60	18	0	31	15	0	26	5	0	0	23	0	14	0	0	18	0	0	7	0	9	0	0	15	0	0	0	0	11	0	0
117	del_srlD	8	0	0	2310	7	0	0	20	0	0	2	0	0	7	0	0	22	0	0	0	0	20	0	0	71	0	0	0	0	2	0	0	78	0	0	0	0
117	del_srlD	8	0	0	2640	0	0	37	0	0	119	0	0	126	0	0	0	0	0	12	0	0	0	0	0	0	0	47	0	0	0	0	0	0	0	47	0	0
118	del_mutL_araBAD	8	1	1980	297	9	0	6	25	0	23	9	0	4	4	0	0	0	0	0	0	0	10	0	0	0	4	0	0	0	3	0	0	0	0	0	0	0
118	del_mutL_araBAD	8	1	1980	660	11	0	2	27	0	3	15	0	2	11	0	0	8	0	0	0	0	28	0	5	17	0	1	0	0	17	0	1	3	1	3	0	0
118	del_mutL_araBAD	8	1	1980	990	56	0	8	34	0	19	5	0	1	61	0	22	6	0	0	0	0	48	0	59	13	0	0	0	0	9	0	4	1	0	0	0	0
118	del_mutL_araBAD	8	1	1980	1320	26	0	60	44	0	157	5	0	32	28	0	34	6	0	0	0	0	46	0	88	13	0	2	0	0	6	0	21	2	0	4	0	0
118	del_mutL_araBAD	8	1	1980	1650	37	0	20	103	0	77	62	0	17	37	0	15	1	0	4	0	0	103	0	56	3	0	25	0	0	61	0	9	2	0	6	0	0
118	del_mutL_araBAD	8	1	1980	1980	100	0	46	310	0	56	89	0	23	97	0	2	4	0	43	0	0	308	0	0	10	0	47	0	0	88	0	0	3	0	20	0	0
118	del_mutL_araBAD	8	1	1980	2310	19	0	37	42	0	121	8	0	19	19	0	20	0	0	17	0	0	42	0	54	4	0	61	0	0	8	0	12	1	0	6	0	0
118	del_mutL_araBAD	8	1	1980	2640	0	0	82	0	0	196	0	0	103	0	0	0	0	0	80	0	0	0	0	0	0	0	190	0	0	0	0	0	0	0	103	0	0
119	del_mutL_srlD	9	0	0	297	13	3	25	29	6	23	24	0	3	3	1	1	0	5	4	0	0	7	3	0	0	13	0	0	0	3	0	0	0	1	0	0	0
119	del_mutL_srlD	9	0	0	660	13	0	11	37	2	46	18	0	25	12	0	9	9	1	15	0	0	46	1	33	20	1	10	0	0	28	0	6	21	0	1	0	0
119	del_mutL_srlD	9	0	0	990	23	1	12	34	0	42	14	0	9	32	0	11	5	1	1	0	0	56	0	36	8	0	2	0	0	25	0	8	5	0	0	0	0
119	del_mutL_srlD	9	0	0	1320	28	0	22	46	0	58	8	0	12	27	0	7	11	0	0	0	0	43	0	37	17	0	1	0	0	8	0	4	4	0	0	0	0
119	del_mutL_srlD	9	0	0	1650	45	0	5	75	0	14	21	0	5	45	0	2	3	0	0	0	0	75	0	4	12	0	0	0	0	22	0	0	5	0	0	0	0
119	del_mutL_srlD	9	0	0	1980	94	0	59	235	0	85	76	0	21	93	0	4	51	0	3	0	0	234	0	32	51	0	5	0	0	78	0	3	17	0	0	0	0
119	del_mutL_srlD	9	0	0	2310	32	0	46	77	4	124	22	0	35	32	0	18	23	0	7	0	0	74	0	55	61	1	9	0	0	22	0	16	15	0	4	0	0
119	del_mutL_srlD	9	0	0	2640	77	0	30	196	0	82	128	0	18	77	0	6	14	0	7	0	0	195	3	28	30	0	15	0	0	125	0	3	13	0	2	0	0
119	del_mutL_srlD	9	0	0	2970	0	0	55	0	0	144	0	0	24	0	0	0	0	0	54	0	0	0	0	0	0	0	141	0	0	0	0	0	0	0	24	0	0
120	del_araBAD	9	1	1650	297	0	0	0	3	0	4	14	0	4	0	0	0	0	0	0	0	0	2	0	1	1	0	0	0	0	5	0	1	2	0	0	0	0
120	del_araBAD	9	1	1650	660	4	0	0	3	0	2	3	0	0	4	0	0	0	0	0	0	0	3	0	1	2	0	0	0	0	6	0	0	1	0	0	0	0
120	del_araBAD	9	1	1650	990	15	0	0	11	0	1	0	0	0	15	0	0	0	0	0	0	0	12	0	1	1	0	0	0	0	0	0	0	0	0	0	0	0
120	del_araBAD	9	1	1650	1320	24	0	0	12	0	2	2	0	1	24	0	0	0	0	0	0	0	12	0	0	1	0	1	0	0	2	0	1	0	0	0	0	0
120	del_araBAD	9	1	1650	1650	11	0	0	14	0	2	46	0	0	11	0	0	0	0	0	0	0	14	0	0	2	0	0	0	0	48	0	0	0	0	0	0	0
120	del_araBAD	9	1	1650	1980	43	0	10	28	0	2	56	0	1	43	0	0	13	0	2	0	0	28	0	0	3	0	2	0	0	58	0	0	1	0	1	0	0
120	del_araBAD	9	1	1650	2310	6	0	0	13	0	3	3	0	0	6	0	0	0	0	0	0	0	13	0	0	0	0	3	0	0	5	0	0	0	0	0	0	0
120	del_araBAD	9	1	1650	2640	8	0	5	17	0	9	11	0	16	8	0	0	1	0	3	0	0	17	0	0	2	0	7	0	0	11	0	0	3	0	13	0	0
120	del_araBAD	9	1	1650	2970	0	0	22	0	0	89	0	0	62	0	0	0	0	0	18	0	0	0	0	0	0	1	85	0	0	0	0	0	0	0	61	0	0
121	del_mutL	8	1	2310	297	11	0	3	27	0	2	6	1	1	0	0	0	0	0	0	0	0	0	0	0	0	0	0	0	0	0	1	0	0	0	0	0	0
121	del_mutL	8	1	2310	660	37	0	4	64	0	16	24	0	5	39	0	5	0	0	2	0	0	75	0	15	0	0	4	0	0	27	0	2	0	0	4	0	0
121	del_mutL	8	1	2310	990	138	0	14	67	0	35	8	0	7	138	0	7	0	0	7	0	0	67	0	24	0	0	13	0	0	8	0	4	0	0	3	0	0
121	del_mutL	8	1	2310	1650	87	0	76	261	0	172	54	0	32	87	0	10	0	0	66	0	0	262	0	30	0	0	140	0	0	54	0	3	0	0	29	0	0
121	del_mutL	8	1	2310	1980	58	0	76	181	0	169	32	0	37	57	0	4	0	0	73	0	0	182	0	0	0	0	170	0	0	32	0	1	0	0	36	0	0
121	del_mutL	8	1	2310	2310	16	0	12	50	1	32	12	0	6	16	0	0	0	0	12	0	0	50	0	1	0	0	32	0	0	12	0	1	0	0	6	0	0
121	del_mutL	8	1	2310	2640	101	0	55	216	0	152	89	0	51	101	0	1	0	0	54	0	0	215	0	1	0	1	150	0	0	89	0	1	0	0	49	0	0
121	del_mutL	8	1	2310	2970	0	0	85	0	0	209	0	0	50	0	0	0	0	0	94	0	0	0	0	0	0	0	222	0	0	0	0	0	0	0	53	0	0
122	del_srlD	3	-1	0	297	0	0	0	0	0	0	0	0	0	0	0	0	0	0	0	0	0	0	0	0	0	0	0	0	0	0	0	0	0	0	0	0	0
122	del_srlD	3	-1	0	1320	0	0	0	0	0	0	0	0	0	0	0	0	0	0	0	0	0	0	0	0	0	0	0	0	0	0	0	0	0	0	0	0	0
122	del_srlD	3	-1	0	1980	0	0	243	0	0	461	0	0	135	0	0	0	0	0	0	0	0	0	0	0	0	0	0	0	0	0	0	0	0	0	0	0	0
123	del_mutL_araBAD	9	1	1980	297	24	1	4	33	0	21	10	0	4	3	0	0	0	2	0	0	0	7	0	0	0	7	0	0	0	0	0	0	0	1	0	0	0
123	del_mutL_araBAD	9	1	1980	660	23	0	7	66	0	13	26	0	0	25	0	8	1	0	2	0	0	72	0	23	2	0	1	0	0	29	0	2	0	0	2	0	0
123	del_mutL_araBAD	9	1	1980	990	65	0	0	91	0	1	35	0	0	65	0	1	0	0	0	0	0	91	0	1	1	0	1	0	0	36	0	0	0	0	0	0	0
123	del_mutL_araBAD	9	1	1980	1320	44	0	24	71	0	72	19	0	23	45	0	15	13	0	3	0	0	72	0	34	50	1	8	0	0	20	0	13	9	0	1	0	0
123	del_mutL_araBAD	9	1	1980	1650	63	0	45	142	0	153	65	0	25	62	0	7	27	0	7	0	0	142	0	22	118	1	2	0	0	66	0	2	22	0	1	0	0
123	del_mutL_araBAD	9	1	1980	1980	76	0	22	139	0	89	8	0	4	86	0	21	3	0	0	0	0	149	0	95	7	0	9	0	0	11	0	18	1	0	0	0	0
123	del_mutL_araBAD	9	1	1980	2310	53	0	28	136	0	102	36	0	33	53	0	9	6	0	12	0	0	136	0	36	9	0	33	0	0	36	0	8	4	0	6	0	0
123	del_mutL_araBAD	9	1	1980	2640	44	0	27	139	0	139	57	0	36	44	0	3	17	0	6	0	0	139	0	40	66	0	31	0	0	56	0	5	17	0	14	0	0
123	del_mutL_araBAD	9	1	1980	2970	0	0	161	0	0	370	0	0	84	0	0	0	0	0	165	0	0	0	0	0	0	0	371	0	0	0	0	0	0	0	85	0	0
124	wt	8	-1	0	297	7	0	0	5	0	2	15	0	3	0	0	0	0	0	0	0	0	0	0	0	0	0	0	0	0	0	0	0	0	0	0	0	0
124	wt	8	-1	0	660	0	0	0	0	0	2	5	0	0	0	0	0	0	0	0	0	0	0	0	0	0	0	0	0	0	0	0	0	0	0	0	0	0
124	wt	8	-1	0	990	28	0	0	11	0	2	1	0	0	0	0	0	0	0	0	0	0	0	0	0	0	0	0	0	0	0	0	0	0	0	0	0	0
124	wt	8	-1	0	1650	12	0	1	18	0	2	38	0	0	0	0	0	0	0	0	0	0	0	0	0	0	0	0	0	0	0	0	0	0	0	0	0	0
124	wt	8	-1	0	1980	41	0	0	48	0	0	6	0	1	0	0	0	0	0	0	0	0	0	0	0	0	0	0	0	0	0	0	0	0	0	0	0	0
124	wt	8	-1	0	2310	7	0	6	23	0	10	3	0	6	0	0	0	0	0	0	0	0	0	0	0	0	0	0	0	0	0	0	0	0	0	0	0	0
124	wt	8	-1	0	2640	0	0	22	0	0	23	0	0	39	0	0	0	0	0	0	0	0	0	0	0	0	0	0	0	0	0	0	0	0	0	0	0	0
124	wt	8	-1	0	2970	0	0	36	0	0	183	0	0	114	0	0	0	0	0	0	0	0	0	0	0	0	0	0	0	0	0	0	0	0	0	0	0	0
201	wt	9	1	2640	1188	16	0	0	16	0	1	20	1	5	1	0	0	0	0	0	0	0	2	0	0	0	0	0	0	0	3	1	0	0	0	2	0	0
201	wt	9	1	2640	2640	1	0	0	4	0	4	4	0	3	1	0	0	0	0	0	0	0	4	0	0	3	0	1	0	0	6	0	0	3	0	0	0	0
201	wt	9	1	2640	3960	15	0	0	6	0	1	1	0	0	16	0	0	0	0	0	0	0	6	0	0	1	0	0	0	0	1	0	0	0	0	0	0	0
201	wt	9	1	2640	5280	7	0	0	15	0	0	3	0	1	7	0	0	0	0	0	0	0	15	0	0	1	0	0	0	0	3	0	0	0	0	1	0	0
201	wt	9	1	2640	6600	2	0	2	3	0	3	4	0	2	2	0	0	2	0	0	0	0	3	0	0	2	0	0	0	0	4	0	0	0	0	0	0	0
201	wt	9	1	2640	7920	26	0	0	63	0	1	12	0	1	40	0	0	0	0	0	0	0	77	0	1	1	0	0	0	0	27	0	0	1	0	0	0	0
201	wt	9	1	2640	9240	13	0	1	10	0	9	4	0	1	13	0	0	0	0	1	0	0	10	0	0	5	0	4	0	0	4	0	1	2	0	2	0	0
201	wt	9	1	2640	10560	18	0	22	83	0	24	109	0	21	18	0	0	4	0	18	0	0	83	0	0	7	0	17	0	0	109	0	0	5	0	15	0	0
201	wt	9	1	2640	11880	0	0	11	0	0	24	0	0	14	0	0	0	0	0	11	0	0	0	0	0	0	0	24	0	0	0	0	0	0	0	16	0	0
202	del_mutL_srlD	9	1	1452	1188	27	0	58	34	1	77	30	0	22	0	0	1	0	25	0	0	0	0	1	3	0	28	0	0	0	0	0	0	0	5	2	0	0
202	del_mutL_srlD	9	1	1452	2640	88	0	47	148	0	94	27	0	23	89	0	31	28	0	35	0	0	152	0	59	56	0	54	0	0	27	0	10	16	0	16	0	0
202	del_mutL_srlD	9	1	1452	3960	38	0	12	63	0	15	29	0	4	39	0	0	10	0	4	0	0	67	0	0	16	0	3	0	0	32	0	0	4	0	0	0	0
202	del_mutL_srlD	9	1	1452	5280	149	0	93	257	0	174	42	0	30	149	0	11	61	0	22	0	0	256	0	22	110	0	39	0	0	51	0	2	23	0	6	0	0
202	del_mutL_srlD	9	1	1452	6600	205	1	50	339	0	83	73	0	15	205	0	15	18	0	20	0	0	340	0	23	21	0	37	0	0	74	0	10	2	0	3	0	0
202	del_mutL_srlD	9	1	1452	7920	114	0	187	149	0	360	70	0	56	116	0	9	151	0	26	0	0	146	0	12	270	0	77	0	0	69	0	3	50	0	12	0	0
202	del_mutL_srlD	9	1	1452	9240	59	0	35	77	5	63	21	1	11	77	0	9	31	0	16	0	0	102	0	20	57	0	34	0	0	34	0	1	10	0	8	0	0
202	del_mutL_srlD	9	1	1452	10560	47	0	182	138	0	313	97	0	82	47	0	19	56	0	76	0	0	137	5	27	85	0	144	0	0	97	1	7	36	0	29	0	0
202	del_mutL_srlD	9	1	1452	11880	0	0	131	0	0	242	0	0	71	0	0	0	0	0	127	0	0	0	0	0	0	0	229	0	0	0	0	0	0	0	64	0	0
203	del_araBAD	9	0	0	1188	29	0	0	41	1	0	11	1	1	29	0	0	0	0	0	0	0	41	1	0	0	0	0	0	0	11	1	0	0	0	1	0	0
203	del_araBAD	9	0	0	2640	1	0	0	2	0	0	0	0	0	1	0	0	0	0	0	0	0	2	0	0	0	0	0	0	0	0	0	0	0	0	0	0	0
203	del_araBAD	9	0	0	3960	28	0	0	7	0	0	0	0	0	28	0	0	0	0	0	0	0	7	0	0	0	0	0	0	0	0	0	0	0	0	0	0	0
203	del_araBAD	9	0	0	5280	4	0	0	2	0	3	5	0	3	4	0	0	0	0	0	0	0	0	0	0	0	0	0	0	0	4	0	0	0	0	0	0	0
203	del_araBAD	9	0	0	6600	2	0	2	3	0	4	10	0	1	2	0	0	0	0	2	0	0	3	0	3	0	0	3	0	0	10	0	1	0	0	0	0	0
203	del_araBAD	9	0	0	7920	16	0	15	21	0	9	22	0	7	15	0	1	11	0	5	0	0	21	0	2	8	0	3	0	0	24	0	0	5	0	3	0	0
203	del_araBAD	9	0	0	9240	10	0	2	24	0	14	7	0	3	10	0	0	1	0	2	0	0	26	0	1	0	0	13	0	0	8	0	0	0	0	3	0	0
203	del_araBAD	9	0	0	10560	10	0	7	31	0	14	55	0	3	10	0	0	1	0	5	0	0	31	0	0	8	0	4	0	0	54	0	0	1	0	2	0	0
203	del_araBAD	9	0	0	11880	0	0	20	0	0	43	0	0	12	0	0	0	0	0	19	0	0	0	0	0	0	0	42	0	0	0	0	0	0	0	13	0	0
204	del_mutL	9	0	0	1188	0	5	0	2	9	1	13	1	1	0	0	0	0	0	0	0	0	1	0	0	0	0	0	0	0	0	0	0	0	0	1	0	0
204	del_mutL	9	0	0	2640	31	60	1	62	116	6	28	19	1	28	4	50	10	0	12	0	0	62	3	105	9	0	24	0	0	30	1	17	1	0	3	0	0
204	del_mutL	9	0	0	3960	29	5	1	51	15	0	8	1	0	29	1	3	8	0	2	0	0	52	0	13	22	0	3	0	0	14	0	0	1	0	1	0	0
204	del_mutL	9	0	0	5280	49	1	10	132	4	14	23	1	4	39	1	0	0	0	12	0	0	109	1	3	1	0	14	0	0	27	0	1	0	0	4	0	0
204	del_mutL	9	0	0	6600	23	5	18	23	2	55	5	0	3	23	0	5	202	0	18	0	0	23	0	2	361	0	55	0	0	6	0	0	76	0	3	0	0
204	del_mutL	9	0	0	7920	402	2	190	773	3	302	142	2	53	134	0	2	57	0	195	0	0	282	0	3	116	0	313	0	0	50	0	2	11	0	59	0	0
204	del_mutL	9	0	0	9240	26	0	100	56	1	191	12	0	29	26	0	0	0	0	100	0	0	56	0	1	0	0	191	0	0	12	0	0	0	0	29	0	0
204	del_mutL	9	0	0	10560	77	1	223	177	3	365	67	0	97	77	0	1	0	0	223	0	0	177	0	3	0	0	363	0	0	66	0	0	0	0	96	0	0
204	del_mutL	9	0	0	11880	0	0	120	0	0	229	0	0	59	0	0	0	0	0	117	0	0	0	0	0	0	1	223	0	0	0	0	0	0	0	58	0	0
205	del_srlD	9	0	0	1188	0	0	13	4	0	5	11	0	2	0	0	0	0	0	0	0	0	1	0	0	0	1	0	0	0	0	0	0	0	0	0	0	0
205	del_srlD	9	0	0	2640	2	0	6	1	0	3	13	0	4	2	0	0	0	0	19	0	0	2	0	1	1	0	5	0	0	20	0	2	3	0	0	0	0
205	del_srlD	9	0	0	3960	23	0	0	5	0	0	2	0	0	23	0	0	0	0	0	0	0	5	0	0	1	0	0	0	0	4	0	0	0	0	0	0	0
205	del_srlD	9	0	0	5280	1	0	1	3	0	3	4	0	0	1	0	0	1	0	3	0	0	3	0	0	3	0	1	0	0	4	0	0	14	0	0	0	0
205	del_srlD	9	0	0	6600	7	0	0	19	0	1	13	0	1	7	0	0	12	0	0	0	0	21	0	0	5	0	0	0	0	16	0	0	10	1	0	0	0
205	del_srlD	9	0	0	7920	33	0	33	74	0	24	50	0	17	33	0	0	3	0	16	0	0	73	0	0	10	0	11	0	0	50	0	0	4	0	3	0	0
205	del_srlD	9	0	0	9240	0	0	0	0	0	0	0	0	0	0	0	0	3	0	0	0	0	0	0	0	11	0	0	0	0	0	0	0	13	0	0	0	0
205	del_srlD	9	0	0	10560	37	0	18	83	0	26	102	0	22	37	0	0	11	0	3	0	0	83	0	0	8	0	5	0	0	102	0	0	8	0	1	0	0
205	del_srlD	9	0	0	11880	0	0	11	0	0	19	0	0	41	0	0	0	0	0	11	0	0	0	0	0	0	0	19	0	0	0	0	0	0	0	27	0	0
206	del_mutL_araBAD	9	0	0	1188	28	0	1	65	1	5	25	0	1	12	0	0	0	1	0	0	0	19	1	0	0	3	0	0	0	10	0	0	0	0	0	0	0
206	del_mutL_araBAD	9	0	0	2640	198	0	51	338	4	108	73	1	20	201	0	47	22	0	2	0	0	352	1	100	42	2	2	0	0	81	1	15	6	0	4	0	0
206	del_mutL_araBAD	9	0	0	3960	48	0	11	68	0	17	11	0	2	61	0	1	0	0	10	0	0	99	0	2	5	0	13	0	0	22	0	0	0	0	2	0	0
206	del_mutL_araBAD	9	0	0	5280	89	0	34	139	0	54	35	0	12	89	0	0	2	0	32	0	0	139	0	0	2	0	48	0	0	35	0	0	1	0	11	0	0
206	del_mutL_araBAD	9	0	0	6600	116	0	86	202	0	165	109	0	38	115	0	0	32	0	62	0	0	202	0	0	45	0	120	0	0	107	0	0	13	0	31	0	0
206	del_mutL_araBAD	9	0	0	7920	145	0	91	302	0	155	75	0	30	145	0	0	41	0	36	0	0	302	0	0	77	0	55	0	0	74	0	0	19	0	10	0	0
206	del_mutL_araBAD	9	0	0	9240	31	0	26	54	0	51	6	0	9	31	0	0	52	0	26	0	0	54	0	0	85	0	50	0	0	6	0	1	24	0	9	0	0
206	del_mutL_araBAD	9	0	0	10560	78	0	160	96	0	295	39	0	89	78	0	0	19	0	79	0	0	96	0	1	28	0	177	0	0	39	0	1	11	0	44	0	0
206	del_mutL_araBAD	9	0	0	11880	0	0	128	0	0	230	0	0	65	0	0	0	0	0	125	0	0	0	0	0	0	2	225	0	0	0	0	0	0	0	63	0	0
207	del_mutL_srlD	9	1	7920	1188	81	1	49	154	8	95	31	2	34	5	1	1	2	0	0	0	0	8	8	1	1	0	0	0	0	3	2	1	0	0	0	0	0
207	del_mutL_srlD	9	1	7920	2640	107	0	61	190	1	86	37	0	9	113	0	28	37	0	18	0	0	200	0	65	37	0	31	0	0	40	0	12	7	0	10	0	0
207	del_mutL_srlD	9	1	7920	3960	63	0	11	66	0	24	9	0	3	73	0	13	4	0	8	0	0	86	0	39	8	0	14	0	0	15	0	7	1	0	2	0	0
207	del_mutL_srlD	9	1	7920	5280	142	0	94	303	0	136	73	0	41	147	0	61	21	0	43	0	0	305	0	117	18	0	39	0	0	78	0	29	6	0	18	0	0
207	del_mutL_srlD	9	1	7920	6600	145	0	52	205	0	88	76	0	17	145	0	35	6	0	14	0	0	207	0	59	11	0	26	0	0	77	0	14	1	0	2	0	0
207	del_mutL_srlD	9	1	7920	7920	172	0	51	280	0	87	67	0	22	172	0	6	10	0	37	0	0	278	0	11	29	0	51	0	0	69	0	1	6	0	16	0	0
207	del_mutL_srlD	9	1	7920	9240	14	0	23	29	0	38	5	0	7	14	0	24	2	0	5	0	0	30	0	52	2	0	5	0	0	6	0	9	2	0	2	0	0
207	del_mutL_srlD	9	1	7920	10560	110	0	108	162	0	232	55	0	60	106	0	20	31	0	37	0	0	160	0	52	70	0	63	0	0	54	0	15	14	0	19	0	0
207	del_mutL_srlD	9	1	7920	11880	0	0	287	0	0	455	0	0	101	0	0	0	0	0	332	0	0	0	0	0	0	0	556	0	0	0	0	0	0	1	110	0	0
209	del_mutL	9	0	0	1188	59	0	1	108	1	2	28	1	3	28	0	0	0	0	1	0	0	52	0	1	0	0	2	0	0	10	1	0	0	0	0	0	0
209	del_mutL	9	0	0	2640	72	16	57	103	59	103	19	7	28	100	3	19	7	0	54	0	0	148	7	59	17	0	99	0	0	35	1	7	1	0	30	0	0
209	del_mutL	9	0	0	3960	37	2	21	44	4	38	7	0	3	37	1	1	0	0	22	0	0	44	0	4	0	0	43	0	0	8	0	0	0	0	3	0	0
209	del_mutL	9	0	0	5280	44	0	48	76	0	76	21	0	12	44	0	1	0	0	46	0	0	76	1	0	0	0	75	0	0	21	0	0	0	0	14	0	0
209	del_mutL	9	0	0	6600	80	0	82	128	2	159	65	0	31	83	0	0	12	0	90	0	0	130	0	2	29	0	148	0	0	66	0	0	7	0	31	0	0
209	del_mutL	9	0	0	7920	142	0	96	231	0	139	68	0	27	142	0	0	14	0	92	0	0	230	0	0	19	0	137	0	0	68	0	0	3	0	29	0	0
209	del_mutL	9	0	0	9240	10	0	56	26	1	90	2	0	19	10	0	0	46	0	51	0	0	26	1	0	88	0	83	0	0	2	0	0	14	0	19	0	0
209	del_mutL	9	0	0	10560	137	0	195	300	1	359	129	0	101	131	0	0	5	0	119	0	0	303	0	1	8	0	223	0	0	129	0	0	2	0	71	0	0
209	del_mutL	9	0	0	11880	0	0	157	0	0	331	0	0	92	0	0	0	0	0	153	0	0	0	0	0	0	1	324	0	0	0	0	0	0	0	91	0	0
210	del_srlD	9	1	1320	1188	0	0	14	5	0	4	8	0	2	0	0	3	0	0	1	0	0	3	0	3	0	0	0	0	0	5	0	0	0	0	0	0	0
210	del_srlD	9	1	1320	2640	1	2	5	4	2	0	1	3	1	1	2	14	0	0	1	0	0	4	2	1	0	0	0	0	0	1	3	0	0	0	4	0	0
210	del_srlD	9	1	1320	3960	20	0	0	19	1	0	5	0	0	20	0	0	0	0	0	0	0	19	1	0	0	0	0	0	0	5	0	0	0	0	1	0	0
210	del_srlD	9	1	1320	5280	9	0	0	20	1	0	5	1	0	9	0	0	0	0	0	0	0	22	1	0	0	0	0	0	0	5	1	0	0	0	0	0	0
210	del_srlD	9	1	1320	6600	6	0	15	5	0	5	29	0	1	6	0	0	14	1	0	0	0	5	0	0	3	2	0	0	0	29	0	0	0	0	1	0	0
210	del_srlD	9	1	1320	7920	12	0	35	27	0	24	8	0	15	13	0	0	2	0	38	0	0	27	0	0	0	0	27	0	0	8	0	0	0	0	15	0	0
210	del_srlD	9	1	1320	9240	51	0	2	100	0	1	17	0	1	51	0	0	0	0	2	0	0	100	0	0	0	0	1	0	0	17	0	1	0	0	0	0	0
210	del_srlD	9	1	1320	10560	18	0	13	71	0	23	69	0	49	15	0	0	0	0	11	0	0	71	0	0	1	0	21	0	0	69	0	0	0	0	49	0	0
210	del_srlD	9	1	1320	11880	0	0	16	0	0	45	0	0	42	0	0	0	0	0	15	0	0	0	0	0	0	0	43	0	0	0	0	0	0	0	43	0	0
211	del_mutL_araBAD	7	1	6600	1188	54	0	0	81	0	6	29	0	5	21	0	0	0	0	0	0	0	30	0	3	0	0	2	0	0	7	0	0	0	0	1	0	0
211	del_mutL_araBAD	7	1	6600	5280	60	0	155	93	3	257	32	2	66	83	0	90	92	0	0	0	0	126	3	137	171	0	1	0	0	34	2	31	42	0	1	0	0
211	del_mutL_araBAD	7	1	6600	6600	232	0	216	429	0	406	74	1	70	232	0	112	79	0	2	0	0	430	0	183	179	0	2	0	0	75	1	29	32	0	2	0	0
211	del_mutL_araBAD	7	1	6600	7920	169	0	122	368	0	205	64	0	23	171	0	37	20	0	79	0	0	368	0	49	56	0	125	0	0	65	0	4	7	0	16	0	0
211	del_mutL_araBAD	7	1	6600	9240	101	0	105	145	0	190	30	0	34	99	0	4	54	0	47	0	0	141	0	5	94	0	91	0	0	33	0	1	17	0	15	0	0
211	del_mutL_araBAD	7	1	6600	10560	94	0	296	217	0	513	99	0	135	93	0	3	14	0	263	0	0	216	0	6	52	0	427	0	0	101	0	1	12	0	122	0	0
211	del_mutL_araBAD	7	1	6600	11880	0	0	163	0	0	391	0	0	92	0	0	0	0	1	171	0	0	0	0	0	0	2	405	0	0	0	0	0	0	0	105	0	0
212	wt	9	1	7920	1188	6	0	0	8	2	1	15	0	1	0	0	0	0	0	0	0	0	0	2	0	0	0	0	0	0	6	0	0	0	0	0	0	0
212	wt	9	1	7920	2640	0	0	1	5	0	2	1	0	2	0	0	0	0	0	1	0	0	5	0	1	0	0	2	0	0	1	0	1	0	0	2	0	0
212	wt	9	1	7920	3960	28	0	0	12	0	0	3	0	1	28	0	0	0	0	0	0	0	12	0	0	0	0	0	0	0	4	0	0	0	0	1	0	0
212	wt	9	1	7920	5280	3	0	0	11	0	1	3	0	0	7	0	0	0	0	0	0	0	18	0	0	0	0	1	0	0	4	0	0	0	0	0	0	0
212	wt	9	1	7920	6600	4	0	1	15	0	2	14	0	4	4	0	0	1	0	0	0	0	15	0	0	1	0	2	0	0	15	0	0	4	0	0	0	0
212	wt	9	1	7920	7920	35	0	0	59	0	2	5	0	0	36	0	0	0	0	0	0	0	60	0	0	0	0	2	0	0	9	0	0	0	0	0	0	0
212	wt	9	1	7920	9240	38	0	3	66	0	8	9	0	0	38	0	0	2	0	1	0	0	65	0	0	7	0	1	0	0	9	0	0	0	0	0	0	0
212	wt	9	1	7920	10560	1	0	19	13	0	14	16	0	33	1	0	0	5	0	14	0	0	13	0	0	2	0	12	0	0	16	0	0	0	0	33	0	0
212	wt	9	1	7920	11880	0	0	36	0	0	131	0	0	103	0	0	0	0	0	37	0	0	0	0	0	0	0	131	0	0	0	0	0	0	0	105	0	0
213	wt	8	0	0	1188	5	0	0	3	1	0	8	2	1	5	0	0	0	0	0	0	0	2	1	0	0	0	0	0	0	3	2	0	0	0	0	0	0
213	wt	8	0	0	2640	1	0	0	6	0	1	0	0	1	1	0	0	0	0	0	0	0	6	0	2	0	0	0	0	0	2	0	0	0	0	1	0	0
213	wt	8	0	0	3960	20	0	0	17	0	7	7	0	1	20	0	0	0	0	0	0	0	17	0	0	0	0	6	0	0	9	0	0	0	0	2	0	0
213	wt	8	0	0	5280	28	0	0	81	0	0	21	0	0	28	0	0	0	0	0	0	0	81	0	0	0	0	0	0	0	21	0	0	0	0	0	0	0
213	wt	8	0	0	6600	0	0	1	3	0	2	8	0	1	0	0	0	0	0	1	0	0	3	0	0	0	0	2	0	0	8	0	0	0	0	1	0	0
213	wt	8	0	0	9240	5	0	1	10	0	1	2	0	1	5	0	0	4	0	1	0	0	11	0	0	5	0	1	0	0	2	0	0	9	0	1	0	0
213	wt	8	0	0	10560	3	0	19	23	0	21	14	0	36	3	0	0	5	0	10	0	0	23	0	0	3	0	13	0	0	14	0	0	14	0	13	0	0
213	wt	8	0	0	11880	0	0	35	0	0	120	0	0	110	0	0	0	0	0	35	0	0	0	0	0	0	0	120	0	0	0	0	0	0	4	107	0	0
214	del_mutL_srlD	9	1	9240	1188	57	7	57	133	14	72	27	4	11	0	7	6	0	9	0	0	0	4	14	10	0	16	0	0	0	0	4	3	0	2	0	0	0
214	del_mutL_srlD	9	1	9240	2640	29	0	111	73	0	261	23	0	41	29	0	48	49	0	49	0	0	74	0	104	106	0	96	0	0	23	0	19	14	0	13	0	0
214	del_mutL_srlD	9	1	9240	3960	86	0	19	107	0	44	33	0	6	87	0	5	17	0	6	0	0	107	0	9	38	0	7	0	0	33	0	2	3	0	2	0	0
214	del_mutL_srlD	9	1	9240	5280	54	0	47	94	0	108	32	0	26	54	0	18	11	0	19	0	0	98	0	48	16	0	40	0	0	32	0	12	6	0	8	0	0
214	del_mutL_srlD	9	1	9240	6600	33	0	99	71	0	261	42	0	45	33	0	17	11	0	76	0	0	71	0	66	18	0	186	0	0	44	0	10	3	0	36	0	0
214	del_mutL_srlD	9	1	9240	7920	72	0	13	195	0	38	26	0	8	89	0	1	1	0	14	0	0	233	0	9	0	0	30	0	0	41	0	0	1	0	9	0	0
214	del_mutL_srlD	9	1	9240	9240	19	0	10	38	1	8	10	0	2	56	0	2	1	0	8	0	0	121	0	6	0	0	8	0	0	19	0	1	2	0	1	0	0
214	del_mutL_srlD	9	1	9240	10560	68	0	125	226	0	210	70	0	88	67	0	5	6	0	105	0	0	226	1	14	2	0	176	0	0	68	0	0	0	0	83	0	0
214	del_mutL_srlD	9	1	9240	11880	0	0	149	0	0	322	0	0	117	0	0	0	0	0	149	0	0	0	0	0	0	1	321	0	0	0	0	0	0	0	117	0	0
215	del_araBAD	9	-1	0	1188	1	0	0	1	0	2	10	1	6	0	0	0	0	0	0	0	0	0	0	0	0	0	0	0	0	0	0	0	0	0	0	0	0
215	del_araBAD	9	-1	0	2640	2	0	0	4	0	7	7	0	1	0	0	0	0	0	0	0	0	0	0	0	0	0	0	0	0	0	0	0	0	0	0	0	0
215	del_araBAD	9	-1	0	3960	35	0	0	16	0	1	17	0	0	0	0	0	0	0	0	0	0	0	0	0	0	0	0	0	0	0	0	0	0	0	0	0	0
215	del_araBAD	9	-1	0	5280	22	0	1	40	0	4	16	0	2	0	0	0	0	0	0	0	0	0	0	0	0	0	0	0	0	0	0	0	0	0	0	0	0
215	del_araBAD	9	-1	0	6600	0	0	0	1	0	3	2	0	2	0	0	0	0	0	0	0	0	0	0	0	0	0	0	0	0	0	0	0	0	0	0	0	0
215	del_araBAD	9	-1	0	7920	16	0	22	26	0	15	20	0	7	0	0	0	0	0	0	0	0	0	0	0	0	0	0	0	0	0	0	0	0	0	0	0	0
215	del_araBAD	9	-1	0	9240	17	0	0	38	0	1	13	0	2	0	0	0	0	0	0	0	0	0	0	0	0	0	0	0	0	0	0	0	0	0	0	0	0
215	del_araBAD	9	-1	0	10560	14	0	2	38	0	8	44	0	30	0	0	0	0	0	0	0	0	0	0	0	0	0	0	0	0	0	0	0	0	0	0	0	0
215	del_araBAD	9	-1	0	11880	0	0	20	0	0	84	0	0	67	0	0	0	0	0	0	0	0	0	0	0	0	0	0	0	0	0	0	0	0	0	0	0	0
216	del_mutL	9	1	9240	1188	59	0	54	135	1	115	33	0	19	7	0	0	0	0	0	0	0	17	1	1	0	0	0	0	0	0	0	0	0	0	0	0	0
216	del_mutL	9	1	9240	2640	25	0	129	103	0	370	26	0	65	30	0	6	57	0	116	0	0	141	0	17	131	0	340	0	0	32	0	8	14	0	59	0	0
216	del_mutL	9	1	9240	3960	30	0	46	59	0	122	12	0	23	35	0	1	16	0	37	0	0	76	0	0	55	0	73	0	0	15	0	0	6	0	20	0	0
216	del_mutL	9	1	9240	5280	42	0	26	89	0	69	27	0	27	42	0	0	21	0	23	0	0	90	0	0	48	0	61	0	0	32	0	0	16	0	17	0	0
216	del_mutL	9	1	9240	6600	124	0	213	398	0	420	107	0	86	125	0	0	68	0	128	0	0	400	0	0	103	0	273	0	0	107	0	0	22	0	61	0	0
216	del_mutL	9	1	9240	7920	123	0	142	299	0	274	85	0	44	121	0	0	25	0	118	0	0	293	0	0	41	0	237	0	0	86	0	0	5	0	40	0	0
216	del_mutL	9	1	9240	9240	27	0	35	65	0	96	7	0	8	77	0	0	42	0	35	0	0	178	0	1	80	0	96	0	0	38	0	0	13	0	8	0	0
216	del_mutL	9	1	9240	10560	262	0	249	847	0	559	206	0	124	255	0	0	4	0	198	0	0	799	0	0	6	0	467	0	0	194	0	0	2	0	107	0	0
216	del_mutL	9	1	9240	11880	0	0	191	0	0	423	0	0	88	0	0	0	0	0	190	0	0	0	0	0	0	0	419	0	0	0	0	0	0	0	85	0	0
217	del_srlD	8	1	9240	1188	50	0	58	92	0	93	41	1	22	4	0	0	9	0	0	0	0	20	0	1	10	0	1	0	0	11	1	0	0	0	1	0	0
217	del_srlD	8	1	9240	2640	87	0	17	145	0	40	33	0	6	87	0	0	65	0	0	0	0	146	0	0	118	0	1	0	0	33	0	0	21	0	0	0	0
217	del_srlD	8	1	9240	3960	13	0	0	22	0	0	17	0	2	49	0	0	0	0	0	0	0	82	0	0	0	0	0	0	0	28	0	0	0	0	1	0	0
217	del_srlD	8	1	9240	5280	28	0	26	53	0	46	13	0	7	30	0	0	25	0	0	0	0	57	0	0	46	0	0	0	0	13	0	0	7	0	0	0	0
217	del_srlD	8	1	9240	6600	247	0	34	433	0	60	98	0	17	248	0	0	31	0	0	0	0	435	0	0	57	0	1	0	0	98	0	0	17	0	0	0	0
217	del_srlD	8	1	9240	7920	33	0	69	94	0	51	12	0	32	34	0	23	4	0	52	0	0	96	0	24	7	0	27	0	0	17	0	6	3	0	40	0	0
217	del_srlD	8	1	9240	10560	147	0	52	419	0	101	121	0	47	149	0	3	14	0	31	0	0	416	0	4	22	0	74	0	0	121	0	1	2	0	43	0	0
217	del_srlD	8	1	9240	11880	0	0	543	0	0	1405	0	0	332	0	0	0	0	0	546	0	0	0	0	0	0	0	1409	0	0	0	0	0	0	0	337	0	0
218	del_mutL_araBAD	8	1	9240	1188	56	0	37	111	2	81	20	1	20	15	0	4	0	2	0	0	0	17	2	12	0	1	0	0	0	8	1	2	0	1	0	0	0
218	del_mutL_araBAD	8	1	9240	2640	71	0	54	178	0	121	26	0	25	98	0	64	8	0	24	0	0	223	0	138	23	0	54	0	0	36	0	27	3	0	12	0	0
218	del_mutL_araBAD	8	1	9240	3960	44	0	15	62	0	28	13	0	7	59	0	6	2	0	9	0	0	110	0	8	2	0	16	0	0	19	0	2	0	0	5	0	0
218	del_mutL_araBAD	8	1	9240	5280	135	0	132	219	0	231	33	0	44	133	0	27	3	0	99	0	0	216	0	50	5	0	180	0	0	33	0	13	2	0	28	0	0
218	del_mutL_araBAD	8	1	9240	6600	115	0	62	186	0	98	96	0	26	115	0	26	0	0	39	0	0	190	0	47	2	0	52	0	0	95	0	12	0	0	16	0	0
218	del_mutL_araBAD	8	1	9240	7920	116	0	170	286	0	253	90	0	47	115	0	21	1	0	141	0	0	286	0	29	1	0	204	0	0	90	0	3	0	0	44	0	0
218	del_mutL_araBAD	8	1	9240	10560	21	0	277	28	0	578	14	0	117	21	0	23	3	0	247	0	0	28	0	63	7	0	500	0	0	14	0	6	3	0	107	0	0
218	del_mutL_araBAD	8	1	9240	11880	0	0	107	0	0	307	0	0	63	0	0	0	0	0	107	0	0	0	0	0	0	0	303	0	0	0	0	0	0	0	60	0	0
219	del_mutL_srlD	8	1	9240	1188	2	0	25	5	0	25	0	1	4	0	0	0	0	0	0	0	0	2	0	1	0	0	0	0	0	0	1	0	0	0	0	0	0
219	del_mutL_srlD	8	1	9240	2640	118	0	94	192	0	147	48	0	29	127	0	62	24	0	42	0	0	213	0	92	50	0	53	0	0	51	0	22	6	0	8	0	0
219	del_mutL_srlD	8	1	9240	3960	73	0	8	72	0	18	23	0	0	73	0	2	7	0	1	0	0	73	0	12	10	0	5	0	0	23	0	0	0	0	0	0	0
219	del_mutL_srlD	8	1	9240	5280	95	0	63	176	0	64	40	0	13	94	0	2	28	0	44	0	0	171	0	3	30	0	46	0	0	40	0	0	6	0	11	0	0
219	del_mutL_srlD	8	1	9240	6600	252	0	113	502	0	178	112	0	31	253	0	52	35	0	35	0	0	492	0	112	40	0	32	0	0	110	0	19	7	0	7	0	0
219	del_mutL_srlD	8	1	9240	7920	49	0	90	54	2	157	10	1	14	49	0	21	40	0	41	0	0	53	0	51	66	0	56	0	0	10	0	10	21	0	3	0	0
219	del_mutL_srlD	8	1	9240	10560	91	0	201	156	0	288	75	0	116	86	0	23	44	0	89	0	0	153	2	35	57	0	127	0	0	73	1	13	19	0	56	0	0
219	del_mutL_srlD	8	1	9240	11880	0	0	72	0	0	126	0	0	73	0	0	0	0	0	72	0	0	0	0	0	0	1	124	0	0	0	0	0	0	0	73	0	0
220	del_araBAD	8	1	6600	1188	21	0	0	51	1	2	7	1	2	6	0	0	0	0	0	0	0	11	1	0	0	0	1	0	0	0	1	0	0	0	0	0	0
220	del_araBAD	8	1	6600	2640	0	0	0	2	0	4	6	0	1	0	0	0	0	0	0	0	0	2	0	5	1	0	0	0	0	6	0	2	0	0	1	0	0
220	del_araBAD	8	1	6600	3960	9	0	0	10	0	0	6	0	0	24	0	0	0	0	0	0	0	50	0	0	1	0	0	0	0	13	0	0	0	0	0	0	0
220	del_araBAD	8	1	6600	5280	9	0	0	19	0	2	3	0	1	9	0	0	0	0	0	0	0	19	0	0	0	0	0	0	0	3	0	0	1	0	0	0	0
220	del_araBAD	8	1	6600	6600	15	0	2	31	0	1	31	0	0	15	0	1	1	0	0	0	0	31	0	0	2	0	0	0	0	31	0	0	0	0	0	0	0
220	del_araBAD	8	1	6600	7920	8	0	14	17	0	7	13	1	10	8	0	0	1	0	14	0	0	17	0	0	0	0	6	0	0	13	0	1	0	0	10	0	0
220	del_araBAD	8	1	6600	10560	2	0	4	17	0	10	12	0	30	2	0	0	0	0	4	0	0	17	0	3	2	0	5	0	0	12	0	0	0	1	30	0	0
220	del_araBAD	8	1	6600	11880	0	0	32	0	0	89	0	0	81	0	0	0	0	0	31	0	0	0	0	0	0	0	89	0	0	0	0	0	0	0	80	0	0
221	del_mutL	9	1	9240	1188	100	3	19	185	9	44	36	1	6	12	3	0	0	3	0	0	0	31	9	5	0	9	1	0	0	5	1	0	0	1	0	0	0
221	del_mutL	9	1	9240	2640	88	0	19	146	0	50	34	0	7	110	0	25	0	0	6	0	0	188	0	54	0	0	17	0	0	42	0	8	0	0	3	0	0
221	del_mutL	9	1	9240	3960	67	0	6	116	0	5	24	0	2	65	0	6	0	0	1	0	0	121	0	2	0	0	4	0	0	24	0	1	0	0	3	0	0
221	del_mutL	9	1	9240	5280	108	0	52	273	0	74	69	0	14	170	0	40	6	0	8	0	0	377	0	60	17	0	9	0	0	89	0	10	3	0	2	0	0
221	del_mutL	9	1	9240	6600	137	0	53	265	0	76	53	0	11	142	0	27	35	0	6	0	0	272	0	38	46	0	11	0	0	52	0	6	5	0	4	0	0
221	del_mutL	9	1	9240	7920	146	0	92	339	0	157	64	0	31	147	0	17	45	0	31	0	0	338	0	37	94	0	27	0	0	64	0	7	11	0	12	0	0
221	del_mutL	9	1	9240	9240	12	0	53	27	2	95	1	1	13	16	0	4	36	0	18	0	0	30	0	4	82	0	29	0	0	4	0	2	21	0	5	0	0
221	del_mutL	9	1	9240	10560	82	0	168	154	0	310	36	0	96	82	0	0	45	0	101	0	0	154	2	2	88	0	171	0	0	36	1	1	20	0	59	0	0
221	del_mutL	9	1	9240	11880	0	0	200	0	0	390	0	0	157	0	0	0	0	0	198	0	0	0	0	0	0	0	388	0	0	0	0	0	0	0	154	0	0
222	del_srlD	8	1	6600	1188	28	0	19	43	0	8	37	1	1	5	0	0	0	0	0	0	0	12	0	0	0	0	1	0	0	1	1	0	0	0	0	0	0
222	del_srlD	8	1	6600	2640	7	0	7	6	0	10	2	0	1	19	0	0	8	0	15	0	0	24	0	5	3	0	8	0	0	27	0	0	0	0	2	0	0
222	del_srlD	8	1	6600	3960	14	0	0	13	0	1	11	0	0	14	0	5	0	0	1	0	0	13	0	0	0	0	2	0	0	11	0	0	0	0	0	0	0
222	del_srlD	8	1	6600	5280	1	0	0	0	0	4	1	0	2	1	0	0	0	0	0	0	0	0	0	0	0	0	4	0	0	1	0	0	0	0	2	0	0
222	del_srlD	8	1	6600	6600	1	0	1	6	0	0	4	0	2	1	0	0	0	0	1	0	0	6	0	0	0	0	2	0	0	4	0	0	0	0	2	0	0
222	del_srlD	8	1	6600	7920	32	0	26	34	0	7	7	0	11	32	0	0	16	0	9	0	0	35	0	0	2	0	5	0	0	7	0	0	8	0	4	0	0
222	del_srlD	8	1	6600	9240	28	0	0	62	0	2	8	0	1	29	0	0	0	0	0	0	0	67	0	0	0	0	2	0	0	13	0	0	0	0	1	0	0
222	del_srlD	8	1	6600	10560	0	0	12	0	0	30	0	0	43	0	0	0	0	0	20	0	0	0	0	0	0	0	35	0	0	0	0	0	0	0	48	0	0
223	del_mutL_araBAD	8	1	7920	1188	27	0	28	42	2	62	21	0	13	7	0	0	0	0	0	0	0	15	2	0	0	1	1	0	0	5	0	0	0	0	1	0	0
223	del_mutL_araBAD	8	1	7920	2640	28	0	128	59	0	224	4	0	38	59	0	59	48	0	24	0	0	110	0	127	72	0	32	0	0	11	0	18	17	0	8	0	0
223	del_mutL_araBAD	8	1	7920	3960	24	0	12	25	0	27	7	0	10	28	0	2	5	0	4	0	0	40	0	3	21	0	5	0	0	11	0	1	4	0	4	0	0
223	del_mutL_araBAD	8	1	7920	6600	186	0	83	359	0	130	72	0	31	190	0	50	22	0	12	0	0	366	0	63	47	0	22	0	0	73	1	15	10	0	7	0	0
223	del_mutL_araBAD	8	1	7920	7920	101	0	17	173	0	33	16	0	1	113	0	22	2	0	4	0	0	190	0	28	2	0	16	0	0	30	0	8	0	0	1	0	0
223	del_mutL_araBAD	8	1	7920	9240	145	0	61	261	0	99	48	1	30	145	0	20	5	0	25	0	0	262	0	55	3	0	26	0	0	48	0	14	1	0	9	0	0
223	del_mutL_araBAD	8	1	7920	10560	64	0	239	102	0	427	70	0	85	64	0	0	138	0	99	0	0	101	0	7	256	0	158	0	0	70	1	1	40	0	40	0	0
223	del_mutL_araBAD	8	1	7920	11880	0	0	241	0	0	522	0	0	138	0	0	0	0	0	237	0	0	0	0	0	0	2	514	0	0	0	0	0	0	0	136	0	0
301	wt	9	0	0	2079	0	0	0	0	0	0	5	1	0	0	1	0	0	0	0	0	0	0	0	0	0	0	0	0	0	2	1	0	0	0	0	0	0
301	wt	9	0	0	4620	5	1	0	6	0	0	34	2	1	5	0	0	0	0	0	0	0	6	0	0	0	0	0	0	0	36	1	1	1	0	2	0	0
301	wt	9	0	0	6929	19	0	0	16	2	0	10	0	2	1	0	0	18	0	0	0	0	2	0	2	14	0	0	0	0	7	0	0	3	0	2	0	0
301	wt	9	0	0	9240	16	0	0	15	2	0	4	0	0	16	0	0	0	0	0	0	0	15	0	2	0	0	0	0	0	4	0	0	0	0	0	0	0
301	wt	9	0	0	11549	4	1	0	6	0	0	4	0	0	4	0	1	0	0	0	0	0	6	0	0	0	0	0	0	0	4	0	0	0	0	0	0	0
301	wt	9	0	0	13859	17	0	7	50	0	5	18	0	3	17	0	0	0	0	7	0	0	50	0	0	0	0	5	0	0	18	0	0	0	0	3	0	0
301	wt	9	0	0	16169	15	0	1	14	1	0	9	0	1	15	0	0	0	0	1	0	0	14	0	1	0	0	0	0	0	9	0	0	0	0	0	0	0
301	wt	9	0	0	18480	37	0	16	106	0	21	94	0	22	37	0	0	0	0	16	0	0	106	0	0	0	0	21	0	0	94	0	0	0	0	22	0	0
301	wt	9	0	0	20789	0	0	19	0	0	40	0	0	32	0	0	0	0	0	19	0	0	0	0	0	0	0	40	0	0	0	0	0	0	0	32	0	0
302	del_mutL_srlD	9	1	9239	2079	74	22	39	165	40	16	50	3	12	21	0	0	14	0	7	0	0	48	1	0	35	0	2	0	0	18	0	0	7	0	1	0	0
302	del_mutL_srlD	9	1	9239	4620	72	126	8	158	231	14	60	47	7	55	1	147	30	0	17	0	0	127	0	270	57	0	4	0	0	62	0	50	12	0	15	0	0
302	del_mutL_srlD	9	1	9239	6929	65	0	0	102	1	0	27	0	0	65	0	0	0	0	4	0	0	101	0	1	0	0	1	0	0	23	0	0	6	0	0	0	0
302	del_mutL_srlD	9	1	9239	9240	168	24	9	280	63	5	61	14	4	161	0	23	14	0	4	0	0	274	0	66	13	0	1	0	0	60	0	13	3	0	7	0	0
302	del_mutL_srlD	9	1	9239	11549	86	25	15	144	42	7	45	10	7	72	0	25	18	0	13	0	0	121	1	38	21	0	3	0	0	42	0	10	5	0	6	0	0
302	del_mutL_srlD	9	1	9239	13859	61	30	5	96	48	1	16	7	3	59	2	29	8	0	2	0	0	96	5	45	6	0	3	0	0	18	1	8	2	0	1	0	0
302	del_mutL_srlD	9	1	9239	16169	8	21	5	27	40	9	10	10	1	50	3	12	7	0	9	0	0	109	12	19	7	3	10	0	0	22	4	2	22	0	2	0	0
302	del_mutL_srlD	9	1	9239	18480	103	3	61	189	3	75	165	0	29	98	0	2	0	0	59	0	0	182	0	2	0	1	71	0	0	139	0	0	0	1	26	0	0
302	del_mutL_srlD	9	1	9239	20789	0	0	167	0	0	296	0	0	62	0	0	0	0	0	166	0	0	0	0	0	0	0	296	0	0	0	0	0	0	0	62	0	0
303	del_araBAD	9	1	16169	2079	7	0	0	4	0	0	12	1	2	2	0	0	0	0	0	0	0	3	0	0	0	0	0	0	0	2	1	0	0	0	2	0	0
303	del_araBAD	9	1	16169	4620	2	0	15	2	0	14	32	0	2	2	0	6	7	0	7	0	0	2	0	6	7	0	2	0	0	36	0	1	0	0	1	0	0
303	del_araBAD	9	1	16169	6929	25	0	4	12	0	0	7	0	0	30	0	1	4	0	0	0	0	14	0	0	0	0	0	0	0	14	0	0	0	0	0	0	0
303	del_araBAD	9	1	16169	9240	0	0	0	1	0	0	3	0	0	0	0	0	0	0	0	0	0	1	0	0	0	0	0	0	0	3	0	0	0	0	0	0	0
303	del_araBAD	9	1	16169	11549	9	0	14	22	0	7	43	0	0	9	0	1	3	0	5	0	0	22	0	3	0	0	3	0	0	43	0	0	0	0	0	0	0
303	del_araBAD	9	1	16169	13859	21	0	32	43	0	9	9	0	0	21	0	0	1	0	30	0	0	43	0	1	1	0	7	0	0	9	0	0	1	0	0	0	0
303	del_araBAD	9	1	16169	16169	9	0	0	24	0	1	12	0	0	9	0	0	0	0	0	0	0	24	0	1	0	0	0	0	0	12	0	0	0	0	0	0	0
303	del_araBAD	9	1	16169	18480	31	0	47	67	0	45	72	0	74	31	0	0	2	0	45	0	0	66	0	0	2	0	43	0	0	71	0	0	1	0	72	0	0
303	del_araBAD	9	1	16169	20789	0	0	28	0	0	91	0	0	79	0	0	0	0	0	28	0	0	0	0	0	0	0	91	0	0	0	0	0	0	1	78	0	0
304	del_mutL	8	0	0	4620	50	50	44	83	127	96	26	22	34	5	47	15	0	0	1	0	0	4	113	45	0	2	0	0	0	3	24	9	0	0	1	0	0
304	del_mutL	8	0	0	6929	50	10	54	59	33	92	18	2	21	48	0	52	50	0	5	0	0	47	1	112	100	1	9	0	0	16	1	19	30	0	4	0	0
304	del_mutL	8	0	0	9240	6	1	9	14	8	10	6	1	2	49	0	14	18	0	0	0	0	88	1	21	29	0	0	0	0	27	0	4	10	0	0	0	0
304	del_mutL	8	0	0	11549	171	37	73	285	47	118	53	9	18	170	0	107	0	0	0	0	0	286	0	157	0	0	4	0	0	53	0	27	0	0	1	0	0
304	del_mutL	8	0	0	13859	75	22	90	110	33	132	49	4	33	73	2	71	23	0	12	0	0	111	2	111	36	0	7	0	0	48	0	13	6	0	7	0	0
304	del_mutL	8	0	0	16169	123	14	75	216	23	131	41	3	20	122	2	60	24	0	5	0	0	216	2	109	31	0	4	0	0	41	1	20	13	0	0	0	0
304	del_mutL	8	0	0	18480	94	5	73	203	8	130	53	1	33	94	0	37	5	1	24	0	0	201	0	72	27	2	24	0	0	53	0	11	3	1	8	0	0
304	del_mutL	8	0	0	20789	0	0	166	0	0	249	0	0	53	0	0	0	0	4	152	0	0	0	0	0	0	2	230	0	0	0	0	0	0	0	48	0	0
305	del_srlD	6	0	0	9240	4	1	8	4	5	1	1	4	0	4	1	0	0	0	0	0	0	4	5	0	0	0	0	0	0	1	2	0	0	0	0	0	0
305	del_srlD	6	0	0	11549	1	0	22	6	0	8	7	0	1	1	0	0	12	0	20	0	0	6	0	1	5	0	5	0	0	7	2	0	1	0	0	0	0
305	del_srlD	6	0	0	13859	23	0	36	32	0	16	39	0	31	22	0	0	30	0	5	0	0	32	0	0	14	0	1	0	0	39	0	1	13	0	18	0	0
305	del_srlD	6	0	0	16169	9	0	2	32	0	8	8	0	1	9	0	0	2	0	2	0	0	32	0	6	1	0	3	0	0	8	0	0	2	0	1	0	0
305	del_srlD	6	0	0	18480	20	0	6	48	0	6	56	0	8	20	0	0	2	0	2	0	0	48	0	0	4	0	0	0	0	55	0	0	5	0	1	0	0
305	del_srlD	6	0	0	20789	0	0	24	0	0	28	0	0	24	0	0	0	0	0	24	0	0	0	0	0	0	0	27	0	0	0	0	0	0	0	24	0	0
306	del_mutL_araBAD	9	0	0	2079	23	0	0	61	2	1	9	1	1	23	0	0	0	0	0	0	0	61	2	0	1	0	0	0	0	9	0	0	0	0	0	0	0
306	del_mutL_araBAD	9	0	0	4620	109	1	47	197	0	114	42	0	20	169	1	0	47	0	0	0	0	309	1	0	120	0	0	0	0	81	1	0	21	0	0	0	0
306	del_mutL_araBAD	9	0	0	6929	73	0	25	160	1	46	38	0	13	74	0	0	31	0	0	0	0	160	0	0	46	0	0	0	0	38	0	0	14	0	0	0	0
306	del_mutL_araBAD	9	0	0	9240	124	0	148	241	0	288	51	1	56	125	0	0	144	0	0	0	0	243	0	0	280	1	0	0	0	52	1	0	53	0	0	0	0
306	del_mutL_araBAD	9	0	0	11549	143	0	108	286	2	190	67	0	41	161	0	0	107	0	0	0	0	318	0	0	191	1	0	0	0	78	0	0	41	0	0	0	0
306	del_mutL_araBAD	9	0	0	13859	165	0	117	288	0	190	90	0	46	175	0	0	108	0	0	0	0	294	0	0	186	0	0	0	0	99	0	0	39	0	0	0	0
306	del_mutL_araBAD	9	0	0	16169	61	0	86	131	0	149	36	1	39	92	0	0	97	0	0	0	0	224	0	0	176	0	0	0	0	45	0	0	41	1	0	0	0
306	del_mutL_araBAD	9	0	0	18480	246	0	188	474	0	363	150	0	78	278	0	0	219	0	0	0	0	532	0	0	364	0	0	0	0	167	0	0	76	0	0	0	0
306	del_mutL_araBAD	9	0	0	20789	0	0	188	0	0	330	0	0	79	0	0	0	0	1	0	0	0	0	0	0	0	4	0	0	0	0	0	0	0	2	0	0	0
307	del_mutL_srlD	2	-1	0	2079	0	0	0	0	0	0	0	0	0	0	0	0	0	0	0	0	0	0	0	0	0	0	0	0	0	0	0	0	0	0	0	0	0
307	del_mutL_srlD	2	-1	0	4620	0	0	252	0	0	472	0	0	97	0	0	0	0	0	0	0	0	0	0	0	0	0	0	0	0	0	0	0	0	0	0	0	0
308	del_araBAD	9	1	9240	2079	27	0	0	48	2	0	9	2	2	27	0	0	0	0	0	0	0	48	2	0	0	0	0	0	0	9	2	0	0	0	1	0	0
308	del_araBAD	9	1	9240	4620	3	0	0	5	1	0	22	2	3	3	0	0	0	0	0	0	0	5	1	0	0	0	0	0	0	19	2	0	0	0	2	0	0
308	del_araBAD	9	1	9240	6929	1	0	0	7	1	0	9	0	1	1	0	0	0	0	0	0	0	7	1	0	0	0	0	0	0	8	0	0	0	0	1	0	0
308	del_araBAD	9	1	9240	9240	30	0	2	44	0	3	16	0	5	0	0	0	0	0	0	0	0	1	0	0	0	0	0	0	0	0	0	0	0	0	0	0	0
308	del_araBAD	9	1	9240	11549	3	0	2	6	0	2	16	0	2	3	0	1	2	0	0	0	0	6	0	3	2	0	0	0	0	18	0	0	4	0	0	0	0
308	del_araBAD	9	1	9240	13859	11	0	12	16	0	10	8	0	6	11	0	0	1	0	15	0	0	21	0	1	1	0	10	0	0	10	0	3	0	0	6	0	0
308	del_araBAD	9	1	9240	16169	20	0	0	49	0	2	9	0	0	29	0	1	0	0	0	0	0	59	0	1	1	0	0	0	0	10	0	0	0	0	0	0	0
308	del_araBAD	9	1	9240	18480	8	0	13	26	0	9	40	0	14	25	0	0	0	0	11	0	0	49	0	0	1	0	7	0	0	45	0	0	0	0	16	0	0
308	del_araBAD	9	1	9240	20789	0	0	18	0	0	26	0	0	23	0	0	0	0	0	20	0	0	0	0	0	0	0	30	0	0	0	0	0	0	0	33	0	0
309	del_mutL	9	1	2311	2079	158	3	0	291	2	0	93	2	4	158	3	0	0	0	0	0	0	291	2	0	0	0	0	0	0	93	1	0	0	0	2	0	0
309	del_mutL	9	1	2311	4620	38	21	0	96	69	1	22	9	0	38	21	0	0	0	0	0	0	97	69	0	0	0	1	0	0	23	8	0	0	0	0	0	0
309	del_mutL	9	1	2311	6929	48	32	0	79	78	0	10	8	0	46	32	0	0	0	0	0	0	73	78	0	0	1	0	0	0	9	9	0	0	0	0	0	0
309	del_mutL	9	1	2311	9240	25	7	0	40	14	0	10	1	0	25	7	0	0	0	0	0	0	40	14	0	0	0	0	0	0	10	1	0	0	0	0	0	0
309	del_mutL	9	1	2311	11549	186	9	0	278	8	1	79	1	0	186	9	0	0	0	0	0	0	279	7	0	0	0	1	0	0	78	1	0	0	0	0	0	0
309	del_mutL	9	1	2311	13859	101	21	18	189	36	8	57	9	8	100	20	0	0	0	0	0	0	189	33	0	0	0	0	0	0	50	7	0	0	0	0	0	0
309	del_mutL	9	1	2311	16169	149	27	47	272	36	85	59	10	8	0	8	0	0	0	0	0	0	2	20	0	0	0	0	0	0	2	9	0	0	0	0	0	0
309	del_mutL	9	1	2311	18480	148	0	140	402	0	240	177	0	41	161	0	25	25	0	175	0	0	424	0	33	34	0	283	0	0	196	0	4	9	0	46	0	0
309	del_mutL	9	1	2311	20789	0	0	129	0	0	209	0	0	49	0	0	0	0	0	268	0	0	0	0	0	0	1	462	0	0	0	0	0	0	1	98	0	0
310	del_srlD	7	0	0	2079	0	0	19	2	1	4	0	0	1	0	0	0	0	0	7	0	0	2	1	0	0	0	1	0	0	0	0	0	0	0	0	0	0
310	del_srlD	7	0	0	9240	1	2	0	1	3	0	1	3	0	1	2	0	0	0	0	0	0	1	3	0	0	0	0	0	0	1	3	0	0	0	0	0	0
310	del_srlD	7	0	0	11549	4	0	0	21	0	1	0	0	0	4	0	0	0	0	0	0	0	21	0	0	0	0	0	0	0	0	0	0	0	0	0	0	0
310	del_srlD	7	0	0	13859	43	0	16	33	0	13	34	0	9	49	0	0	19	0	0	0	0	34	0	0	10	1	0	0	0	34	0	0	9	1	0	0	0
310	del_srlD	7	0	0	16169	12	0	4	24	0	4	20	0	3	12	0	1	2	0	14	0	0	24	0	3	1	0	6	0	0	19	0	1	3	0	2	0	0
310	del_srlD	7	0	0	18480	16	0	2	25	1	4	46	1	23	9	0	0	1	0	1	0	0	24	0	2	0	0	3	0	0	46	0	2	21	0	1	0	0
310	del_srlD	7	0	0	20789	0	0	10	0	0	18	0	0	20	0	0	0	0	0	7	0	0	0	0	0	0	3	15	0	0	0	0	0	0	1	17	0	0
311	del_mutL_araBAD	8	1	13860	2079	40	4	80	94	19	128	46	4	17	1	1	0	0	43	0	0	0	1	5	0	1	73	0	0	0	0	2	0	0	10	0	0	0
311	del_mutL_araBAD	8	1	13860	4620	118	3	109	221	1	192	66	0	46	119	1	58	73	6	0	0	0	221	3	92	140	2	0	0	0	73	0	14	34	1	1	0	0
311	del_mutL_araBAD	8	1	13860	9240	43	0	176	78	1	333	23	0	73	79	0	11	82	0	106	0	0	170	0	20	150	1	191	0	0	54	0	5	39	0	35	0	0
311	del_mutL_araBAD	8	1	13860	11549	112	0	101	229	0	143	44	0	37	112	0	24	48	0	32	0	0	228	0	40	65	0	46	0	0	44	0	9	16	0	14	0	0
311	del_mutL_araBAD	8	1	13860	13859	101	0	120	161	0	201	22	0	15	104	0	28	58	0	55	0	0	162	0	45	71	0	109	0	0	28	0	16	20	0	7	0	0
311	del_mutL_araBAD	8	1	13860	16169	46	0	177	145	0	285	57	1	82	46	0	69	56	0	33	0	0	145	0	135	80	0	45	0	0	58	0	22	18	1	14	0	0
311	del_mutL_araBAD	8	1	13860	18480	108	0	178	187	0	280	128	1	78	107	0	18	19	0	133	0	0	188	0	31	34	0	204	0	0	130	0	7	15	0	54	0	0
311	del_mutL_araBAD	8	1	13860	20789	0	0	156	0	0	283	0	0	61	0	0	0	0	0	150	0	0	0	0	0	0	1	282	0	0	0	0	0	0	1	59	0	0
312	wt	8	1	6931	2079	34	0	0	9	1	0	17	1	5	34	0	0	0	0	0	0	0	9	1	0	0	0	0	0	0	17	1	0	0	0	4	0	0
312	wt	8	1	6931	4620	0	1	0	3	3	0	1	1	2	0	1	0	0	0	0	0	0	3	3	0	0	0	0	0	0	2	1	0	0	0	0	0	0
312	wt	8	1	6931	6929	34	2	0	17	0	0	10	0	1	34	2	0	0	0	0	0	0	17	0	0	0	0	0	0	0	7	0	0	0	0	0	0	0
312	wt	8	1	6931	9240	0	0	0	2	0	0	0	0	0	0	0	0	0	0	0	0	0	2	0	0	0	0	0	0	0	0	0	0	0	0	0	0	0
312	wt	8	1	6931	11549	6	0	0	6	0	0	7	0	0	1	0	0	0	0	0	0	0	1	1	0	0	0	0	0	0	0	0	0	0	0	0	0	0
312	wt	8	1	6931	16169	16	2	8	43	1	5	32	1	5	21	0	0	0	2	0	0	0	43	0	0	5	0	0	0	0	40	0	0	0	0	0	0	0
312	wt	8	1	6931	18480	11	0	9	28	1	2	45	0	12	11	0	0	0	0	17	0	0	28	0	1	0	0	6	0	0	49	0	1	1	0	16	0	0
312	wt	8	1	6931	20789	0	0	4	0	0	14	0	0	10	0	0	0	0	0	4	0	0	0	0	0	0	0	15	0	0	0	0	0	0	0	11	0	0
313	wt	9	1	16169	2079	20	0	0	6	2	0	15	1	5	2	0	0	0	0	0	0	0	1	1	0	0	0	0	0	0	2	1	0	0	0	1	0	0
313	wt	9	1	16169	4620	1	0	1	0	0	2	7	0	1	1	0	0	1	0	0	0	0	0	1	2	0	0	0	0	0	11	0	1	0	0	1	0	0
313	wt	9	1	16169	6929	0	0	1	0	0	1	10	0	1	0	0	1	0	0	1	0	0	0	0	0	1	0	0	0	0	10	0	0	1	0	0	0	0
313	wt	9	1	16169	9240	1	0	1	9	0	2	2	0	0	19	0	1	0	0	0	0	0	14	0	2	2	0	0	0	0	11	0	0	0	0	0	0	0
313	wt	9	1	16169	11549	10	0	1	22	0	4	4	0	0	10	0	0	0	0	0	0	0	22	0	1	1	0	0	0	0	4	0	0	0	0	0	0	0
313	wt	9	1	16169	13859	21	0	6	51	0	4	21	0	2	21	0	1	2	0	3	0	0	51	0	1	2	0	3	0	0	21	0	1	1	0	0	0	0
313	wt	9	1	16169	16169	8	0	1	11	0	2	15	0	2	8	0	1	0	0	0	0	0	11	0	1	1	0	0	0	0	15	0	1	0	0	2	0	0
313	wt	9	1	16169	18480	14	0	13	37	0	13	40	0	6	14	0	1	0	0	12	0	0	37	0	2	4	0	6	0	0	40	0	0	0	0	7	0	0
313	wt	9	1	16169	20789	0	0	11	0	0	28	0	0	12	0	0	0	0	0	11	0	0	0	0	0	0	1	26	0	0	0	0	0	0	0	13	0	0
314	del_mutL_srlD	8	1	9240	2079	44	80	19	86	152	4	11	28	1	44	80	9	0	0	10	0	0	86	155	2	0	0	2	0	0	11	31	0	0	0	1	0	0
314	del_mutL_srlD	8	1	9240	4620	45	19	0	78	37	0	41	10	3	45	20	0	0	0	0	0	0	78	34	0	0	0	0	0	0	39	6	1	0	1	2	0	0
314	del_mutL_srlD	8	1	9240	6929	31	0	0	32	0	0	14	0	2	31	0	0	0	0	0	0	0	31	0	0	0	0	0	0	0	15	0	0	0	0	0	0	0
314	del_mutL_srlD	8	1	9240	9240	23	6	20	59	5	28	15	6	12	18	4	1	0	0	0	0	0	39	5	0	1	0	0	0	0	8	5	0	0	0	0	0	0
314	del_mutL_srlD	8	1	9240	11549	12	1	34	22	2	63	10	1	15	12	2	21	26	0	8	0	0	31	2	41	29	0	23	0	0	10	1	6	8	0	10	0	0
314	del_mutL_srlD	8	1	9240	13859	31	1	55	73	1	77	10	0	8	36	0	9	33	1	18	0	0	82	1	18	43	0	23	0	0	16	1	5	10	0	6	0	0
314	del_mutL_srlD	8	1	9240	18480	62	1	242	93	0	396	51	0	107	62	0	7	32	0	197	0	0	93	0	15	66	0	305	0	0	51	0	4	11	0	97	0	0
314	del_mutL_srlD	8	1	9240	20789	0	0	151	0	0	222	0	0	101	0	0	0	0	0	151	0	0	0	0	0	0	0	225	0	0	0	0	0	0	0	90	0	0
315	del_araBAD	9	1	13860	2079	22	0	0	65	0	0	16	0	1	0	0	0	0	0	0	0	0	7	0	0	0	0	0	0	0	4	0	0	0	0	0	0	0
315	del_araBAD	9	1	13860	4620	6	0	0	8	4	0	9	2	4	6	0	0	0	0	0	0	0	4	0	4	4	0	0	0	0	10	1	1	0	0	5	0	0
315	del_araBAD	9	1	13860	6929	3	0	0	3	0	0	11	0	0	3	0	0	0	0	0	0	0	2	0	0	1	0	0	0	0	14	0	0	0	0	0	0	0
315	del_araBAD	9	1	13860	9240	3	0	0	9	0	0	2	1	0	3	0	0	0	0	0	0	0	7	0	0	2	0	0	0	0	2	0	1	0	0	0	0	0
315	del_araBAD	9	1	13860	11549	8	0	0	20	2	0	11	1	0	8	0	0	0	0	0	0	0	20	0	2	2	0	0	0	0	10	0	1	1	0	0	0	0
315	del_araBAD	9	1	13860	13859	23	1	0	34	2	0	23	0	0	23	0	1	0	0	0	0	0	37	0	2	1	0	1	0	0	26	0	0	2	0	0	0	0
315	del_araBAD	9	1	13860	16169	20	1	0	60	1	0	15	1	2	42	0	1	2	0	0	0	0	113	0	1	3	0	0	0	0	23	0	1	0	0	2	0	0
315	del_araBAD	9	1	13860	18480	17	1	17	54	4	7	87	1	10	15	0	1	0	0	17	0	0	49	0	4	0	0	7	0	0	78	0	1	4	0	10	0	0
315	del_araBAD	9	1	13860	20789	0	0	10	0	0	17	0	0	18	0	0	0	0	0	10	0	0	0	0	0	0	0	17	0	0	0	0	0	0	0	18	0	0
316	del_mutL	9	1	16169	2079	90	33	35	189	77	55	39	10	17	24	33	0	0	0	0	0	0	39	76	0	0	0	0	0	0	8	10	0	0	0	0	0	0
316	del_mutL	9	1	16169	4620	72	3	158	123	0	270	34	0	53	72	1	83	107	0	6	0	0	123	1	147	176	0	4	0	0	38	0	27	37	0	5	0	0
316	del_mutL	9	1	16169	6929	56	0	15	38	0	22	10	0	7	56	0	10	4	0	1	0	0	38	0	14	11	0	0	0	0	9	0	5	1	0	4	0	0
316	del_mutL	9	1	16169	9240	105	1	66	180	1	120	31	0	15	105	0	29	38	0	0	0	0	180	0	53	66	1	0	0	0	31	0	4	8	0	3	0	0
316	del_mutL	9	1	16169	11549	37	0	73	61	0	133	16	0	27	37	0	10	44	0	26	0	0	62	0	21	98	0	38	0	0	16	0	3	16	0	9	0	0
316	del_mutL	9	1	16169	13859	41	0	119	69	0	219	16	0	19	41	0	9	54	0	52	0	0	72	0	7	107	0	83	0	0	17	0	0	12	0	8	0	0
316	del_mutL	9	1	16169	16169	0	0	0	0	0	0	0	0	0	66	0	7	45	0	0	0	0	148	0	13	91	0	0	0	0	24	0	3	26	0	0	0	0
316	del_mutL	9	1	16169	18480	161	0	280	303	0	435	78	1	114	161	0	10	63	0	151	0	0	301	0	6	111	0	208	0	0	80	0	4	38	1	40	0	0
316	del_mutL	9	1	16169	20789	0	0	138	0	0	285	0	0	80	0	0	0	0	1	137	0	0	0	0	0	0	1	284	0	0	0	0	0	0	0	80	0	0
317	del_srlD	8	0	0	2079	0	1	6	0	2	0	0	1	0	0	1	0	0	0	4	0	0	0	2	0	0	0	0	0	0	0	1	0	0	0	0	0	0
317	del_srlD	8	0	0	6929	61	1	1	80	0	1	14	2	2	61	1	0	0	0	0	0	0	80	0	0	0	0	0	0	0	14	2	0	0	0	1	0	0
317	del_srlD	8	0	0	9240	3	2	12	6	1	3	2	1	4	0	1	0	0	0	0	0	0	1	0	0	0	0	0	0	0	2	0	0	0	0	0	0	0
317	del_srlD	8	0	0	11549	1	0	12	8	1	3	5	0	1	1	0	1	0	0	27	0	0	9	0	2	0	0	7	0	0	5	0	1	0	0	2	0	0
317	del_srlD	8	0	0	13859	15	0	39	28	3	18	26	1	17	9	0	0	6	0	54	0	0	15	1	2	14	0	27	0	0	9	0	1	17	0	38	0	0
317	del_srlD	8	0	0	16169	25	0	3	39	0	3	9	0	20	25	0	0	3	0	3	0	0	39	0	0	4	0	3	0	0	6	0	0	0	0	9	0	0
317	del_srlD	8	0	0	18480	31	0	15	131	0	45	98	0	53	31	0	0	0	0	9	0	0	130	0	0	0	0	42	0	0	98	0	0	0	0	53	0	0
317	del_srlD	8	0	0	20789	0	0	39	0	0	78	0	0	53	0	0	0	0	0	30	0	0	0	0	0	0	0	72	0	0	0	0	0	0	0	50	0	0
318	del_mutL_araBAD	9	1	16169	2079	45	19	50	95	40	115	30	7	14	8	19	2	0	0	0	0	0	12	40	10	0	0	0	0	0	3	7	0	0	0	0	0	0
318	del_mutL_araBAD	9	1	16169	4620	36	0	64	58	1	95	16	0	13	36	0	66	43	0	0	0	0	58	1	107	82	0	0	0	0	17	0	10	11	0	4	0	0
318	del_mutL_araBAD	9	1	16169	6929	32	0	66	59	2	115	16	0	21	32	0	12	58	0	6	0	0	61	1	32	103	0	4	0	0	17	0	4	22	0	2	0	0
318	del_mutL_araBAD	9	1	16169	9240	3	0	17	6	0	27	4	0	5	40	0	19	45	0	1	0	0	87	0	33	68	0	0	0	0	29	0	5	7	0	1	0	0
318	del_mutL_araBAD	9	1	16169	11549	90	0	115	136	0	184	42	0	36	90	0	26	36	0	8	0	0	136	0	41	56	0	11	0	0	42	0	12	10	0	10	0	0
318	del_mutL_araBAD	9	1	16169	13859	42	1	126	80	2	164	37	0	37	42	1	0	61	0	62	0	0	80	2	2	80	0	86	0	0	37	0	0	15	0	25	0	0
318	del_mutL_araBAD	9	1	16169	16169	36	1	34	56	0	64	17	0	21	36	1	0	14	0	18	0	0	56	0	1	37	0	27	0	0	17	0	0	9	0	7	0	0
318	del_mutL_araBAD	9	1	16169	18480	100	0	131	192	1	238	56	0	70	100	0	0	63	0	65	0	0	193	0	1	81	1	142	0	0	56	0	1	18	0	48	0	0
318	del_mutL_araBAD	9	1	16169	20789	0	0	164	0	0	346	0	0	116	0	0	0	0	0	162	0	0	0	0	0	0	0	344	0	0	0	0	0	0	0	112	0	0
319	del_mutL_srlD	8	1	13860	4620	10	71	125	23	138	196	12	20	36	1	71	39	0	0	9	0	0	1	136	52	0	0	2	0	0	2	20	8	0	0	1	0	0
319	del_mutL_srlD	8	1	13860	6929	46	0	41	86	2	77	24	0	8	51	0	28	0	0	86	0	0	90	3	64	2	0	153	0	0	25	0	13	0	0	21	0	0
319	del_mutL_srlD	8	1	13860	9240	5	0	27	10	0	64	4	1	10	15	0	14	1	0	13	0	0	29	0	26	1	0	40	0	0	12	1	8	0	0	2	0	0
319	del_mutL_srlD	8	1	13860	11549	102	2	174	159	0	229	33	1	50	102	0	101	0	0	80	0	0	159	0	141	0	0	93	0	0	34	0	28	0	0	24	0	0
319	del_mutL_srlD	8	1	13860	13859	61	0	79	79	0	121	36	0	28	56	0	29	3	0	48	0	0	79	0	55	2	0	61	0	0	38	0	12	5	0	15	0	0
319	del_mutL_srlD	8	1	13860	16169	120	0	28	208	2	54	50	2	39	120	0	14	18	0	8	0	0	208	0	49	23	0	9	0	0	50	0	8	7	0	24	0	0
319	del_mutL_srlD	8	1	13860	18480	100	0	116	199	0	206	125	0	42	99	0	59	18	0	24	0	0	198	2	118	24	0	33	0	0	123	0	15	9	1	14	0	0
319	del_mutL_srlD	8	1	13860	20789	0	0	127	0	0	212	0	0	65	0	0	0	0	0	127	0	0	0	0	0	0	0	212	0	0	0	0	0	0	1	65	0	0
320	del_araBAD	9	0	0	2079	1	0	0	0	2	0	0	1	0	1	0	0	0	0	0	0	0	0	2	0	0	0	0	0	0	0	1	0	0	0	0	0	0
320	del_araBAD	9	0	0	4620	1	0	0	5	3	0	9	1	0	1	0	0	0	0	0	0	0	5	0	3	0	0	0	0	0	8	0	1	0	0	0	0	0
320	del_araBAD	9	0	0	6929	35	0	0	65	0	1	13	0	2	35	0	0	0	0	0	0	0	66	0	0	0	0	1	0	0	13	0	0	0	0	2	0	0
320	del_araBAD	9	0	0	9240	0	0	0	3	0	0	1	0	0	0	0	0	0	0	0	0	0	3	0	0	0	0	0	0	0	1	0	0	0	0	0	0	0
320	del_araBAD	9	0	0	11549	8	1	0	31	1	0	5	0	0	8	0	1	0	0	0	0	0	31	0	1	0	0	0	0	0	5	0	0	0	0	0	0	0
320	del_araBAD	9	0	0	13859	10	1	13	21	1	5	20	0	6	10	0	1	0	0	17	0	0	21	0	1	0	0	6	0	0	20	0	0	0	0	8	0	0
320	del_araBAD	9	0	0	16169	18	0	0	42	0	1	14	0	2	18	0	0	0	0	0	0	0	42	0	0	0	0	1	0	0	14	0	0	0	0	4	0	0
320	del_araBAD	9	0	0	18480	52	0	5	62	1	7	125	0	21	52	0	0	0	0	3	0	0	62	0	1	0	0	6	0	0	125	0	0	0	0	18	0	0
320	del_araBAD	9	0	0	20789	0	0	20	0	0	40	0	0	41	0	0	0	0	0	18	0	0	0	0	0	0	0	39	0	0	0	0	0	0	0	41	0	0
321	del_mutL	9	1	13860	2079	46	24	77	98	44	128	31	11	26	2	3	0	1	0	0	0	0	7	6	0	1	0	0	0	0	1	6	0	1	0	0	0	0
321	del_mutL	9	1	13860	4620	68	5	283	109	8	280	41	1	51	73	0	76	143	0	218	0	0	118	3	110	216	0	150	0	0	53	0	19	41	0	26	0	0
321	del_mutL	9	1	13860	6929	51	0	58	44	0	69	35	0	14	51	0	2	21	0	75	0	0	44	0	3	27	0	62	0	0	36	0	2	5	0	28	0	0
321	del_mutL	9	1	13860	9240	19	0	23	27	0	30	8	0	14	57	0	0	24	0	0	0	0	104	0	0	41	0	0	0	0	23	0	0	17	0	0	0	0
321	del_mutL	9	1	13860	11549	148	1	236	217	1	403	55	0	85	144	0	4	166	0	49	0	0	207	0	6	282	0	83	0	0	55	0	1	52	0	23	0	0
321	del_mutL	9	1	13860	13859	155	0	620	159	1	389	25	0	42	147	0	1	312	0	283	0	0	157	0	4	259	0	132	0	0	24	0	0	36	0	7	0	0
321	del_mutL	9	1	13860	16169	551	6	446	274	2	292	51	1	41	514	2	9	331	1	113	0	0	261	1	4	204	0	89	0	0	50	0	1	20	0	5	0	0
321	del_mutL	9	1	13860	18480	90	0	100	177	0	162	71	0	56	90	0	2	61	0	35	0	0	177	0	3	92	0	63	0	0	71	0	0	31	0	25	0	0
321	del_mutL	9	1	13860	20789	0	0	158	0	0	224	0	0	59	0	0	0	0	6	149	0	0	0	0	0	0	0	222	0	0	0	0	0	0	0	59	0	0
322	del_srlD	8	1	16169	2079	1	0	11	1	0	4	14	0	10	0	0	0	0	0	11	0	0	0	0	0	0	1	3	0	0	0	1	0	0	0	1	0	0
322	del_srlD	8	1	16169	4620	5	0	9	8	0	5	29	0	3	5	0	1	0	0	8	0	0	8	0	4	0	0	1	0	0	35	0	2	0	0	1	0	0
322	del_srlD	8	1	16169	9240	0	0	0	0	0	0	0	0	2	0	0	0	0	0	0	0	0	1	0	6	0	0	0	0	0	0	0	2	0	0	0	0	0
322	del_srlD	8	1	16169	11549	27	0	10	31	0	9	57	0	0	27	0	0	0	0	11	0	0	31	0	1	0	0	3	0	0	59	0	0	0	0	0	0	0
322	del_srlD	8	1	16169	13859	20	0	14	64	0	4	9	0	0	20	0	0	0	0	13	0	0	64	0	1	0	0	2	0	0	9	0	0	0	0	0	0	0
322	del_srlD	8	1	16169	16169	6	0	9	15	0	7	1	0	7	6	0	0	0	0	9	0	0	15	0	1	0	0	6	0	0	1	0	1	0	0	6	0	0
322	del_srlD	8	1	16169	18480	13	0	20	20	0	12	42	0	25	13	0	0	0	0	20	0	0	20	0	0	0	0	12	0	0	41	0	0	0	0	30	0	0
322	del_srlD	8	1	16169	20789	0	0	307	0	0	532	0	0	130	0	0	0	0	0	308	0	0	0	0	0	0	2	530	0	0	0	0	0	0	0	140	0	0
323	del_mutL_araBAD	8	1	13860	2079	125	40	0	210	90	3	73	17	4	43	10	4	0	2	0	0	0	72	10	11	3	9	0	0	0	15	4	2	0	0	0	0	0
323	del_mutL_araBAD	8	1	13860	4620	105	41	6	180	93	2	37	23	2	80	0	63	62	0	8	0	0	120	1	148	129	0	5	0	0	36	0	32	19	0	3	0	0
323	del_mutL_araBAD	8	1	13860	6929	117	22	3	248	48	2	61	16	0	111	1	20	18	0	4	0	0	242	2	48	28	0	2	0	0	57	0	16	12	0	2	0	0
323	del_mutL_araBAD	8	1	13860	11549	127	68	31	203	120	44	67	10	14	65	0	67	57	0	34	0	0	88	0	110	103	0	54	0	0	53	0	10	11	0	16	0	0
323	del_mutL_araBAD	8	1	13860	13859	134	4	36	250	7	76	30	4	2	100	0	2	37	0	36	0	0	174	1	8	81	0	77	0	0	32	0	4	10	0	2	0	0
323	del_mutL_araBAD	8	1	13860	16169	16	0	16	24	5	52	7	1	28	55	0	0	53	0	16	0	0	85	1	0	84	0	52	0	0	39	1	0	19	0	27	0	0
323	del_mutL_araBAD	8	1	13860	18480	178	0	104	308	0	149	93	2	63	119	0	0	1	0	105	0	0	213	0	0	4	0	149	0	0	66	0	2	2	0	63	0	0
323	del_mutL_araBAD	8	1	13860	20789	0	0	123	0	0	221	0	0	100	0	0	0	0	1	122	0	0	0	0	0	0	0	221	0	0	0	0	0	0	0	99	0	0
324	wt	9	1	4621	2079	2	0	0	0	1	0	29	1	5	2	0	0	0	0	0	0	0	0	1	0	0	0	0	0	0	28	1	0	0	0	4	0	0
324	wt	9	1	4621	4620	5	1	0	6	3	0	4	0	2	5	1	0	0	0	0	0	0	6	3	0	0	0	0	0	0	4	0	0	0	0	2	0	0
324	wt	9	1	4621	6929	38	0	0	6	2	0	1	0	0	38	0	0	0	0	0	0	0	6	2	0	0	0	0	0	0	0	0	0	0	0	0	0	0
324	wt	9	1	4621	9240	10	1	0	71	2	0	26	0	2	8	1	0	0	0	0	0	0	64	2	0	0	0	0	0	0	17	0	0	0	0	1	0	0
324	wt	9	1	4621	11549	2	0	0	18	2	0	33	0	0	0	0	0	0	0	0	0	0	6	0	0	0	0	0	0	0	23	0	0	0	0	0	0	0
324	wt	9	1	4621	13859	18	0	5	44	2	2	33	0	1	19	0	0	1	0	11	0	0	48	0	4	2	0	5	0	0	43	0	0	3	0	4	0	0
324	wt	9	1	4621	16169	15	0	0	20	0	0	18	0	2	15	0	0	1	0	0	0	0	30	0	0	1	0	0	0	0	24	0	0	2	0	2	0	0
324	wt	9	1	4621	18480	26	0	2	21	0	5	12	0	9	26	0	0	0	0	2	0	0	22	0	0	0	0	5	0	0	12	0	0	0	0	8	0	0
324	wt	9	1	4621	20789	0	0	25	0	0	42	0	0	31	0	0	0	0	0	20	0	0	0	0	0	0	0	40	0	0	0	0	0	0	0	31	0	0
401	wt	9	1	165	29	0	1	4	3	7	0	1	0	1	0	1	0	2	0	0	0	0	3	7	0	0	0	0	0	0	1	0	0	0	0	1	0	0
401	wt	9	1	165	66	4	0	0	9	3	0	2	1	0	4	0	0	0	0	0	0	0	9	3	0	0	0	0	0	0	2	1	0	0	0	0	0	0
401	wt	9	1	165	99	0	0	0	0	2	1	2	1	0	0	0	0	0	0	0	0	0	0	2	0	0	0	0	0	0	2	1	0	0	0	0	0	0
401	wt	9	1	165	132	2	0	5	7	1	4	2	0	2	0	0	0	0	0	0	0	0	0	1	0	0	0	0	0	0	0	0	0	0	0	0	0	0
401	wt	9	1	165	165	2	0	1	1	0	8	4	0	1	2	0	1	7	0	0	0	0	2	0	4	6	0	3	0	0	4	0	2	2	0	0	0	0
401	wt	9	1	165	198	15	0	0	46	0	7	10	0	2	15	0	0	0	0	0	0	0	46	0	2	5	0	0	0	0	10	0	1	0	0	2	0	0
401	wt	9	1	165	231	17	0	0	35	0	7	8	0	4	17	0	0	0	0	0	0	0	35	0	4	2	0	3	0	0	8	0	1	1	0	2	0	0
401	wt	9	1	165	264	20	0	12	45	0	9	53	0	4	20	0	0	1	0	11	0	0	45	0	3	1	0	5	0	0	53	0	0	1	0	3	0	0
401	wt	9	1	165	297	0	0	7	0	0	24	0	0	9	0	0	0	0	0	9	0	0	0	0	0	0	0	28	0	0	0	0	0	0	0	9	0	0
402	del_mutL_srlD	9	1	66	29	42	8	59	87	47	21	17	4	27	7	6	0	0	0	50	0	0	24	35	0	0	0	18	0	0	5	3	0	6	0	0	0	0
402	del_mutL_srlD	9	1	66	66	4	0	0	13	3	0	11	1	0	4	2	0	0	0	9	0	0	13	15	0	0	0	1	0	0	11	2	0	0	0	1	0	0
402	del_mutL_srlD	9	1	66	99	26	13	0	55	21	3	12	3	0	26	8	0	0	0	0	0	0	55	18	2	0	0	1	0	0	12	2	0	0	0	1	0	0
402	del_mutL_srlD	9	1	66	132	19	6	0	55	20	1	15	5	0	19	8	0	0	0	0	0	0	55	4	0	0	0	1	0	0	15	1	0	0	0	0	0	0
402	del_mutL_srlD	9	1	66	165	24	1	6	57	5	16	29	3	5	26	4	1	0	0	20	0	0	59	25	6	0	0	23	0	0	28	8	0	0	0	29	0	0
402	del_mutL_srlD	9	1	66	198	22	0	13	58	0	19	4	0	4	24	0	7	2	0	4	0	0	62	0	8	1	0	10	0	0	6	0	0	1	0	3	0	0
402	del_mutL_srlD	9	1	66	231	14	0	7	34	0	28	12	0	5	45	0	1	1	0	5	0	0	91	0	2	1	0	25	0	0	21	0	0	1	0	4	0	0
402	del_mutL_srlD	9	1	66	264	63	0	99	216	0	159	106	0	71	63	0	1	44	0	40	0	0	216	0	6	57	0	88	0	0	106	0	0	36	0	32	0	0
402	del_mutL_srlD	9	1	66	297	0	0	72	0	0	191	0	0	57	0	0	0	0	0	71	0	0	0	0	0	0	0	187	0	0	0	0	0	0	0	57	0	0
403	del_araBAD	7	1	198	66	1	0	1	2	10	2	1	2	2	0	0	0	0	0	0	0	0	2	10	0	0	0	0	0	0	1	2	0	0	0	0	0	0
403	del_araBAD	7	1	198	99	34	0	17	59	0	13	13	0	4	34	0	10	8	0	0	0	0	60	0	11	3	0	0	0	0	13	0	3	2	0	2	0	0
403	del_araBAD	7	1	198	132	3	0	2	23	0	12	8	0	3	4	0	2	0	0	0	0	0	23	0	10	0	0	0	0	0	8	0	3	0	0	0	0	0
403	del_araBAD	7	1	198	165	3	0	1	17	0	7	7	0	0	3	0	2	1	0	0	0	0	17	0	11	1	0	0	0	0	7	0	1	0	0	0	0	0
403	del_araBAD	7	1	198	231	3	0	1	9	0	2	5	0	0	3	0	1	1	0	0	0	0	9	0	9	7	0	0	0	0	5	0	0	0	0	0	0	0
403	del_araBAD	7	1	198	264	19	0	12	46	0	54	26	0	14	19	0	2	0	0	7	0	0	46	0	18	10	0	9	0	0	26	0	2	1	0	9	0	0
403	del_araBAD	7	1	198	297	0	0	23	0	0	80	0	0	43	0	0	0	0	0	23	0	0	0	0	0	0	1	79	0	0	0	0	0	0	0	43	0	0
404	del_mutL	9	1	99	29	4	8	2	8	16	9	4	4	4	2	7	0	0	1	0	0	0	4	15	0	0	0	0	0	0	1	4	0	0	0	0	0	0
404	del_mutL	9	1	99	66	21	0	7	43	7	38	8	0	10	21	0	3	4	0	2	0	0	42	1	21	25	0	9	0	0	8	0	4	7	0	3	0	0
404	del_mutL	9	1	99	99	189	0	66	454	3	144	91	0	21	190	0	0	62	0	9	0	0	463	0	3	133	0	22	0	0	92	0	0	19	0	3	0	0
404	del_mutL	9	1	99	132	134	0	36	273	0	64	46	0	15	135	0	0	24	0	12	0	0	272	0	0	48	0	19	0	0	46	0	0	9	0	6	0	0
404	del_mutL	9	1	99	165	313	0	67	713	0	147	108	1	29	305	0	0	50	0	23	0	0	695	0	2	112	0	46	0	0	107	0	1	23	0	11	0	0
404	del_mutL	9	1	99	198	41	0	7	65	0	10	7	0	3	43	0	1	17	0	7	0	0	69	0	0	27	0	10	0	0	10	0	0	2	0	3	0	0
404	del_mutL	9	1	99	231	56	0	18	126	0	34	9	0	1	56	0	0	54	0	1	0	0	124	0	0	114	0	2	0	0	9	0	0	31	0	0	0	0
404	del_mutL	9	1	99	264	29	0	124	97	0	245	40	0	68	27	0	0	37	0	30	0	0	94	0	0	60	0	65	0	0	39	0	0	12	0	19	0	0
404	del_mutL	9	1	99	297	0	0	78	0	0	145	0	0	68	0	0	0	0	0	77	0	0	0	0	0	0	0	144	0	0	0	0	0	0	0	68	0	0
405	del_srlD	8	1	165	29	0	0	16	1	5	4	8	1	0	8	0	0	1	0	1	0	0	3	4	0	1	0	0	0	0	8	0	0	0	0	0	0	0
405	del_srlD	8	1	165	66	0	1	44	2	0	15	2	0	25	0	0	17	0	0	28	0	0	2	1	3	0	0	12	0	0	2	1	0	0	0	25	0	0
405	del_srlD	8	1	165	99	13	7	6	13	7	33	3	6	0	13	8	5	0	0	6	0	0	11	7	31	0	0	5	0	0	3	6	0	0	0	0	0	0
405	del_srlD	8	1	165	132	13	0	14	24	0	23	3	0	2	12	0	12	0	0	3	0	0	24	0	23	0	0	0	0	0	3	0	1	0	0	1	0	0
405	del_srlD	8	1	165	165	37	0	19	55	0	45	26	0	4	37	0	15	0	0	4	0	0	55	0	35	0	0	11	0	0	26	0	3	0	0	1	0	0
405	del_srlD	8	1	165	231	21	0	12	58	0	19	24	0	6	21	0	6	1	0	5	0	0	58	0	10	4	0	6	0	0	24	0	1	7	0	0	0	0
405	del_srlD	8	1	165	264	21	0	38	47	0	40	34	0	26	21	0	6	13	0	19	0	0	47	0	11	8	0	20	0	0	34	0	3	8	0	15	0	0
405	del_srlD	8	1	165	297	0	0	62	0	0	156	0	0	61	0	0	0	0	1	61	0	0	0	0	0	0	0	155	0	0	0	0	0	0	0	59	0	0
406	del_mutL_araBAD	9	1	99	29	70	9	0	109	22	2	29	8	2	7	9	0	0	0	0	0	0	12	21	0	0	0	0	0	0	4	6	0	0	0	0	0	0
406	del_mutL_araBAD	9	1	99	66	2	8	0	9	24	0	2	7	0	2	0	8	1	0	0	0	0	6	2	23	4	0	0	0	0	6	2	7	0	0	1	0	0
406	del_mutL_araBAD	9	1	99	99	15	0	0	35	1	0	3	0	0	11	0	0	4	0	0	0	0	29	1	2	9	0	0	0	0	1	0	0	2	0	0	0	0
406	del_mutL_araBAD	9	1	99	132	4	0	0	23	0	1	6	0	0	4	0	5	0	0	0	0	0	24	0	25	1	0	1	0	0	6	0	1	0	0	0	0	0
406	del_mutL_araBAD	9	1	99	165	113	10	0	254	38	0	51	1	1	83	0	5	30	0	0	0	0	198	0	11	56	0	0	0	0	41	0	0	10	0	1	0	0
406	del_mutL_araBAD	9	1	99	198	119	1	0	234	3	0	21	1	0	91	0	4	31	0	0	0	0	158	0	4	83	0	0	0	0	17	1	1	13	0	0	0	0
406	del_mutL_araBAD	9	1	99	231	63	5	6	132	7	3	38	3	1	23	0	2	39	0	6	0	0	41	3	3	88	0	3	0	0	21	0	2	12	0	1	0	0
406	del_mutL_araBAD	9	1	99	264	15	0	18	40	0	25	27	0	23	75	0	0	0	0	18	0	0	127	0	0	0	0	25	0	0	44	0	0	0	0	23	0	0
406	del_mutL_araBAD	9	1	99	297	0	0	43	0	0	123	0	0	58	0	0	0	0	0	43	0	0	0	0	0	0	0	125	0	0	0	0	0	0	1	58	0	0
407	del_mutL_srlD	8	1	231	29	37	8	19	62	14	25	45	2	4	10	8	2	0	0	0	0	0	6	14	1	0	1	0	0	0	16	2	0	1	0	0	0	0
407	del_mutL_srlD	8	1	231	66	15	0	61	41	0	84	22	0	17	23	0	13	28	0	24	0	0	59	0	46	30	0	13	0	0	25	0	9	2	0	8	0	0
407	del_mutL_srlD	8	1	231	99	14	0	16	28	0	56	7	0	11	16	0	12	1	0	8	0	0	33	0	31	3	0	20	0	0	7	0	8	0	0	4	0	0
407	del_mutL_srlD	8	1	231	132	2	0	1	9	0	18	0	0	8	27	0	1	0	0	0	0	0	58	0	15	3	0	0	0	0	18	0	7	1	0	0	0	0
407	del_mutL_srlD	8	1	231	165	17	0	16	79	1	42	22	0	12	17	0	0	9	0	7	0	0	78	0	6	21	0	16	0	0	22	0	0	7	0	5	0	0
407	del_mutL_srlD	8	1	231	231	13	0	12	33	0	55	5	0	8	13	0	14	0	0	3	0	0	39	0	47	8	0	19	0	0	8	0	5	0	0	4	0	0
407	del_mutL_srlD	8	1	231	264	21	1	81	58	0	171	49	0	69	21	0	4	4	0	68	0	0	58	0	13	8	0	129	0	0	55	0	2	4	0	62	0	0
407	del_mutL_srlD	8	1	231	297	0	0	99	0	0	204	0	0	61	0	0	0	0	0	100	0	0	0	0	0	0	2	203	0	0	0	0	0	0	0	60	0	0
408	del_araBAD	9	1	165	29	0	0	6	3	1	5	2	0	3	0	0	4	0	0	2	0	0	3	1	4	0	0	0	0	0	2	0	2	0	0	1	0	0
408	del_araBAD	9	1	165	66	7	0	0	13	0	2	1	0	0	7	0	0	0	0	0	0	0	13	0	2	1	0	0	0	0	1	0	0	0	0	0	0	0
408	del_araBAD	9	1	165	99	13	0	39	34	0	65	5	0	11	4	0	5	4	0	0	0	0	7	0	17	4	0	2	0	0	2	0	2	5	0	0	0	0
408	del_araBAD	9	1	165	132	66	0	37	134	1	57	24	0	14	69	0	47	0	0	9	0	0	146	1	76	0	0	15	0	0	23	0	15	0	0	3	0	0
408	del_araBAD	9	1	165	165	46	0	21	127	0	56	35	0	16	50	0	17	0	0	11	0	0	134	0	41	0	0	24	0	0	36	0	12	0	0	5	0	0
408	del_araBAD	9	1	165	198	4	0	6	6	0	13	0	0	2	9	0	0	5	0	1	0	0	15	0	0	10	0	3	0	0	2	0	0	2	0	0	0	0
408	del_araBAD	9	1	165	231	17	0	15	54	0	40	7	0	6	18	0	0	1	0	14	0	0	53	0	2	7	0	33	0	0	7	0	1	2	0	3	0	0
408	del_araBAD	9	1	165	264	105	0	85	194	0	198	50	0	38	105	0	3	17	0	65	0	0	193	0	7	44	0	145	0	0	50	0	4	5	0	29	0	0
408	del_araBAD	9	1	165	297	0	0	118	0	0	197	0	0	67	0	0	0	0	0	118	0	0	0	0	0	0	1	196	0	0	0	0	0	0	0	67	0	0
409	del_mutL	8	1	231	29	5	5	3	10	23	13	3	5	6	1	5	2	0	0	0	0	0	6	23	6	0	0	0	0	0	2	5	2	0	1	0	0	0
409	del_mutL	8	1	231	66	5	0	21	23	0	45	3	0	12	5	0	4	16	0	1	0	0	23	0	14	34	0	4	0	0	3	0	2	9	0	3	0	0
409	del_mutL	8	1	231	99	5	0	19	17	0	40	8	0	4	5	0	0	15	0	4	0	0	17	0	2	25	0	13	0	0	9	0	0	2	0	2	0	0
409	del_mutL	8	1	231	165	34	0	40	68	0	78	20	0	19	36	0	22	9	0	10	0	0	69	0	28	28	0	24	0	0	20	0	7	8	0	5	0	0
409	del_mutL	8	1	231	198	4	0	2	6	0	4	2	0	0	7	0	4	1	0	0	0	0	8	0	11	1	0	0	0	0	3	0	1	0	0	0	0	0
409	del_mutL	8	1	231	231	4	0	18	8	0	46	6	0	14	5	0	13	3	0	2	0	0	10	0	29	13	0	4	0	0	6	0	6	2	0	8	0	0
409	del_mutL	8	1	231	264	40	0	22	180	0	77	86	0	34	38	0	0	1	0	18	0	0	179	0	4	7	0	57	0	0	85	0	0	2	0	30	0	0
409	del_mutL	8	1	231	297	0	0	74	0	0	161	0	0	69	0	0	0	0	0	74	0	0	0	0	0	0	0	160	0	0	0	0	0	0	0	68	0	0
410	del_srlD	8	0	0	29	11	0	23	5	5	4	19	2	8	8	0	3	7	2	8	0	0	3	5	1	2	0	1	0	0	17	2	0	0	0	0	0	0
410	del_srlD	8	0	0	66	11	0	11	25	5	2	15	1	0	11	0	10	11	0	4	0	0	25	3	2	9	0	0	0	0	17	1	0	1	0	0	0	0
410	del_srlD	8	0	0	99	4	0	9	3	1	4	1	0	5	4	0	3	7	0	6	0	0	3	3	1	1	0	3	0	0	4	0	0	18	0	0	0	0
410	del_srlD	8	0	0	132	3	0	0	4	5	0	2	1	0	3	0	0	0	0	0	0	0	4	4	0	0	0	0	0	0	2	1	0	0	0	0	0	0
410	del_srlD	8	0	0	165	2	1	0	9	3	0	9	0	0	2	1	0	0	0	0	0	0	9	2	0	0	0	0	0	0	9	0	0	0	0	0	0	0
410	del_srlD	8	0	0	231	12	14	0	18	31	0	7	1	0	13	1	0	5	0	0	0	0	19	4	0	0	0	0	0	0	7	0	0	1	0	0	0	0
410	del_srlD	8	0	0	264	16	0	47	51	0	45	46	0	28	16	13	5	11	0	10	0	0	51	29	10	9	0	18	0	0	43	1	3	14	0	9	0	0
410	del_srlD	8	0	0	297	0	0	29	0	0	75	0	0	41	0	0	0	0	0	29	0	0	0	0	0	0	0	74	0	0	0	0	0	0	0	36	0	0
411	del_mutL_araBAD	9	1	132	29	27	16	0	116	38	0	18	8	1	27	17	0	0	0	0	0	0	115	38	0	0	0	0	0	0	18	8	0	0	0	1	0	0
411	del_mutL_araBAD	9	1	132	66	28	12	2	119	21	2	38	4	1	28	11	0	0	0	0	0	0	119	20	0	0	0	1	0	0	38	4	0	1	0	0	0	0
411	del_mutL_araBAD	9	1	132	99	38	6	0	104	13	4	33	0	0	11	5	0	0	0	0	0	0	28	11	0	0	0	1	0	0	10	0	0	0	0	0	0	0
411	del_mutL_araBAD	9	1	132	132	5	1	3	39	1	0	7	0	0	32	0	10	7	0	0	0	0	115	0	15	6	0	0	0	0	28	0	4	0	0	0	0	0
411	del_mutL_araBAD	9	1	132	165	39	0	57	88	1	105	22	1	21	39	2	14	21	0	10	0	0	89	4	30	48	0	11	0	0	22	0	5	10	0	3	0	0
411	del_mutL_araBAD	9	1	132	198	43	0	42	64	0	76	43	0	13	43	0	10	5	0	30	0	0	64	0	24	8	0	45	0	0	43	0	1	2	0	10	0	0
411	del_mutL_araBAD	9	1	132	231	15	0	9	32	0	27	9	0	4	15	0	3	2	0	5	0	0	32	0	5	10	0	14	0	0	9	0	0	3	0	1	0	0
411	del_mutL_araBAD	9	1	132	264	50	0	61	127	0	93	76	0	38	50	0	10	11	0	36	0	0	127	0	12	13	0	66	0	0	76	0	3	2	0	33	0	0
411	del_mutL_araBAD	9	1	132	297	0	0	44	0	0	128	0	0	41	0	0	0	0	1	43	0	0	0	0	0	0	1	126	0	0	0	0	0	0	0	43	0	0
412	wt	9	0	0	29	4	1	0	13	0	6	2	0	1	4	1	0	0	0	0	0	0	14	0	3	0	0	1	0	0	2	0	0	0	0	0	0	0
412	wt	9	0	0	66	3	0	0	4	0	4	5	0	5	3	0	0	0	0	0	0	0	4	0	2	0	0	1	0	0	5	0	1	0	0	3	0	0
412	wt	9	0	0	99	0	0	0	2	0	2	2	0	1	0	0	0	0	0	0	0	0	2	0	1	0	0	0	0	0	2	0	1	0	0	0	0	0
412	wt	9	0	0	132	3	0	0	7	0	3	0	0	0	3	0	0	0	0	0	0	0	7	0	3	0	0	0	0	0	0	0	0	0	0	0	0	0
412	wt	9	0	0	165	13	6	1	17	2	6	15	0	3	3	6	0	0	1	0	0	0	2	2	0	0	0	5	0	0	0	0	0	0	0	3	0	0
412	wt	9	0	0	198	42	0	0	73	0	8	13	0	3	42	0	0	0	0	0	0	0	73	0	4	0	0	8	0	0	13	0	1	0	0	4	0	0
412	wt	9	0	0	231	3	0	0	8	0	0	2	0	0	13	0	0	0	0	0	0	0	23	0	0	0	0	0	0	0	16	0	0	0	0	0	0	0
412	wt	9	0	0	264	6	0	15	20	0	19	25	0	11	6	0	0	0	0	15	0	0	20	0	5	0	0	14	0	0	25	0	0	0	0	11	0	0
412	wt	9	0	0	297	0	0	11	0	0	39	0	0	30	0	0	0	0	0	11	0	0	0	0	0	0	0	39	0	0	0	0	0	0	0	31	0	0
413	wt	8	0	0	29	0	0	2	7	1	0	7	1	0	0	0	0	0	0	2	0	0	7	1	0	0	0	0	0	0	7	1	0	0	0	0	0	0
413	wt	8	0	0	66	14	14	0	32	13	0	4	4	0	14	13	0	0	1	0	0	0	32	13	0	0	0	0	0	0	4	4	0	0	0	0	0	0
413	wt	8	0	0	99	6	15	0	31	25	0	3	5	0	6	9	0	0	0	0	0	0	31	16	0	0	0	0	0	0	3	4	0	0	0	0	0	0
413	wt	8	0	0	165	25	11	1	76	24	0	26	14	3	11	9	0	0	0	0	0	0	32	15	0	0	0	0	0	0	8	6	0	0	0	1	0	0
413	wt	8	0	0	198	60	2	0	142	4	0	34	1	4	65	0	0	0	0	1	0	0	151	0	0	0	0	0	0	0	42	0	1	0	0	4	0	0
413	wt	8	0	0	231	10	65	0	14	149	0	1	26	0	19	4	0	1	0	0	0	0	49	7	0	1	0	0	0	0	11	7	0	2	0	0	0	0
413	wt	8	0	0	264	11	0	16	36	0	10	36	0	8	11	71	2	2	0	11	0	0	36	164	0	1	0	8	0	0	36	29	0	0	0	7	0	0
413	wt	8	0	0	297	0	0	45	0	0	104	0	0	38	0	0	0	0	1	44	0	0	0	0	0	0	0	104	0	0	0	0	0	0	2	36	0	0
414	del_mutL_srlD	9	1	198	29	25	3	23	13	14	8	23	2	4	16	3	0	13	0	3	0	0	9	12	0	2	0	0	0	0	17	2	0	0	0	0	0	0
414	del_mutL_srlD	9	1	198	66	6	1	23	39	0	28	9	1	8	12	1	6	20	0	3	0	0	40	2	11	22	0	1	0	0	11	1	5	6	0	1	0	0
414	del_mutL_srlD	9	1	198	99	37	0	27	59	0	47	25	0	14	35	0	6	10	0	25	0	0	60	0	12	36	0	12	0	0	25	0	1	3	0	27	0	0
414	del_mutL_srlD	9	1	198	132	19	0	66	52	0	142	22	0	28	20	0	61	9	0	2	0	0	53	0	127	31	0	7	0	0	14	0	20	8	0	1	0	0
414	del_mutL_srlD	9	1	198	165	10	0	131	44	0	277	27	2	50	11	0	108	9	0	8	0	0	53	0	202	28	0	10	0	0	32	0	39	10	2	3	0	0
414	del_mutL_srlD	9	1	198	198	19	0	6	26	0	20	4	0	0	21	0	33	4	0	1	0	0	30	0	54	18	0	2	0	0	7	0	13	2	0	0	0	0
414	del_mutL_srlD	9	1	198	231	32	0	80	53	1	145	13	0	30	32	0	46	6	0	3	0	0	53	0	73	17	0	21	0	0	13	0	16	3	0	2	0	0
414	del_mutL_srlD	9	1	198	264	193	0	104	353	0	182	112	0	50	199	0	45	14	0	24	0	0	360	1	96	19	0	32	0	0	110	0	18	12	0	10	0	0
414	del_mutL_srlD	9	1	198	297	0	0	212	0	0	447	0	0	99	0	0	0	0	1	207	0	0	0	0	0	0	1	443	0	0	0	0	0	0	0	89	0	0
415	del_araBAD	9	1	66	29	0	0	0	2	8	1	3	0	1	0	0	0	0	0	0	0	0	2	8	0	0	0	1	0	0	3	0	0	0	0	1	0	0
415	del_araBAD	9	1	66	66	5	1	0	9	4	0	1	1	0	5	1	0	0	0	0	0	0	7	3	0	0	0	0	0	0	1	1	0	0	0	0	0	0
415	del_araBAD	9	1	66	99	9	10	0	45	21	3	8	3	0	9	10	0	0	0	0	0	0	45	20	0	0	0	1	0	0	8	3	0	0	0	0	0	0
415	del_araBAD	9	1	66	132	4	6	4	10	6	4	0	1	2	3	5	0	0	1	0	0	0	8	5	1	0	0	0	0	0	0	1	0	0	0	1	0	0
415	del_araBAD	9	1	66	165	25	5	30	27	12	59	25	4	15	25	4	7	22	1	0	0	0	30	15	7	32	0	3	0	0	25	4	4	11	0	1	0	0
415	del_araBAD	9	1	66	198	18	0	6	50	2	13	5	0	2	19	0	9	2	0	0	0	0	51	2	24	1	0	2	0	0	5	0	1	3	0	1	0	0
415	del_araBAD	9	1	66	231	9	0	4	17	0	19	4	1	1	9	0	11	5	0	0	0	0	18	0	24	12	0	2	0	0	4	1	3	16	0	1	0	0
415	del_araBAD	9	1	66	264	53	0	51	167	0	111	74	0	67	53	0	1	10	0	28	0	0	168	0	1	14	0	83	0	0	74	0	1	8	0	36	0	0
415	del_araBAD	9	1	66	297	0	0	103	0	0	255	0	0	98	0	0	0	0	0	103	0	0	0	0	0	0	0	255	0	0	0	0	0	0	0	98	0	0
416	del_mutL	9	0	0	29	12	12	1	23	32	0	5	3	1	3	11	0	0	0	1	0	0	10	26	0	0	2	0	0	0	4	3	0	0	0	0	0	0
416	del_mutL	9	0	0	66	50	8	0	115	16	4	37	2	1	47	2	7	7	0	0	0	0	109	3	17	11	1	4	0	0	33	2	0	2	0	2	0	0
416	del_mutL	9	0	0	99	37	8	0	111	18	1	28	2	0	36	0	8	3	0	0	0	0	111	0	17	5	0	1	0	0	29	0	2	1	0	0	0	0
416	del_mutL	9	0	0	132	5	0	0	13	0	0	2	0	0	8	0	2	2	0	0	0	0	15	0	9	14	0	0	0	0	2	0	3	2	0	0	0	0
416	del_mutL	9	0	0	165	44	5	0	98	20	5	21	5	1	40	0	3	2	0	0	0	0	80	0	11	5	0	5	0	0	19	0	2	0	0	2	0	0
416	del_mutL	9	0	0	198	22	4	0	57	3	2	20	2	0	22	0	4	0	0	0	0	0	52	0	3	5	0	2	0	0	17	0	2	4	0	0	0	0
416	del_mutL	9	0	0	231	11	9	1	46	10	5	6	3	1	11	1	8	0	0	1	0	0	46	1	9	0	0	5	0	0	5	0	3	0	0	1	0	0
416	del_mutL	9	0	0	264	10	0	44	19	0	69	9	0	16	10	0	0	0	0	44	0	0	19	0	0	0	0	69	0	0	10	0	0	0	0	16	0	0
416	del_mutL	9	0	0	297	0	0	63	0	0	130	0	0	90	0	0	0	0	0	63	0	0	0	0	0	0	0	130	0	0	0	0	0	0	0	89	0	0
417	del_srlD	9	1	165	29	19	0	57	42	4	19	6	0	7	19	0	0	28	0	25	0	0	42	4	0	12	0	7	0	0	6	0	0	7	0	0	0	0
417	del_srlD	9	1	165	66	1	0	0	4	1	0	5	2	0	1	0	0	0	0	0	0	0	4	1	0	0	0	0	0	0	5	2	0	0	0	0	0	0
417	del_srlD	9	1	165	99	0	0	0	5	2	2	22	0	0	0	0	0	0	0	0	0	0	3	2	0	1	0	1	0	0	15	0	0	0	0	0	0	0
417	del_srlD	9	1	165	132	2	0	0	2	1	4	0	1	0	2	0	0	0	0	0	0	0	2	0	0	2	0	0	0	0	0	0	0	0	0	0	0	0
417	del_srlD	9	1	165	165	0	0	6	2	2	38	4	0	4	0	0	4	0	0	2	0	0	2	0	20	5	3	16	0	0	4	0	4	0	0	2	0	0
417	del_srlD	9	1	165	198	27	0	3	35	0	11	4	0	4	27	0	1	0	0	6	0	0	37	0	9	3	0	0	0	0	4	0	3	0	0	1	0	0
417	del_srlD	9	1	165	231	15	0	4	36	0	30	7	0	8	15	0	2	1	0	1	0	0	36	0	13	16	0	1	0	0	7	0	2	5	0	1	0	0
417	del_srlD	9	1	165	264	40	1	10	91	0	57	100	0	15	40	0	1	3	0	7	0	0	91	0	12	24	0	20	0	0	107	0	5	5	0	4	0	0
417	del_srlD	9	1	165	297	0	0	8	0	0	55	0	0	8	0	0	0	0	0	8	0	0	0	0	0	0	0	54	0	0	0	0	0	0	0	8	0	0
418	del_mutL_araBAD	9	1	165	29	34	2	3	92	14	28	20	2	11	0	2	0	0	0	1	0	0	8	14	1	0	1	2	0	0	4	2	0	0	0	0	0	0
418	del_mutL_araBAD	9	1	165	66	6	0	12	22	0	26	7	0	4	6	0	4	11	0	0	0	0	22	0	17	29	0	2	0	0	7	0	7	6	0	2	0	0
418	del_mutL_araBAD	9	1	165	99	17	0	18	52	0	36	9	0	9	17	0	13	8	0	0	0	0	52	0	10	29	0	1	0	0	9	0	4	6	0	0	0	0
418	del_mutL_araBAD	9	1	165	132	16	0	22	39	0	67	10	0	21	16	0	11	11	0	0	0	0	41	0	35	30	0	3	0	0	9	0	11	10	0	0	0	0
418	del_mutL_araBAD	9	1	165	165	23	0	29	45	0	74	25	1	11	21	0	12	16	0	1	0	0	45	0	43	25	0	3	0	0	26	0	10	2	0	1	0	0
418	del_mutL_araBAD	9	1	165	198	13	0	24	40	0	49	6	0	5	26	0	3	21	0	4	0	0	89	0	15	33	0	6	0	0	20	0	2	6	0	0	0	0
418	del_mutL_araBAD	9	1	165	231	12	0	46	27	0	94	6	0	28	33	0	6	38	0	3	0	0	57	0	33	57	0	11	0	0	7	0	7	18	0	4	0	0
418	del_mutL_araBAD	9	1	165	264	37	0	60	119	1	141	103	0	54	37	0	0	30	0	28	0	0	122	1	1	56	0	77	0	0	102	0	0	13	0	37	0	0
418	del_mutL_araBAD	9	1	165	297	0	0	93	0	0	283	0	0	62	0	0	0	0	0	88	0	0	0	0	0	0	0	278	0	0	0	0	0	0	0	62	0	0
419	del_mutL_srlD	8	1	132	66	19	11	32	48	34	7	13	10	0	8	0	0	2	0	8	0	0	3	1	0	10	0	2	0	0	0	0	0	5	0	0	0	0
419	del_mutL_srlD	8	1	132	99	554	2	7	177	9	1	89	4	0	555	0	12	17	0	18	0	0	175	0	41	30	0	2	0	0	91	0	14	6	0	0	0	0
419	del_mutL_srlD	8	1	132	132	17	5	0	96	16	0	17	2	0	10	0	6	8	0	0	0	0	55	0	17	44	0	0	0	0	10	0	2	7	0	0	0	0
419	del_mutL_srlD	8	1	132	165	32	3	3	100	9	1	22	7	0	29	0	3	6	0	1	0	0	78	0	9	21	0	1	0	0	19	0	7	3	0	0	0	0
419	del_mutL_srlD	8	1	132	198	41	3	7	94	13	2	32	2	0	34	0	3	9	0	7	0	0	83	0	14	20	0	2	0	0	32	0	2	0	0	0	0	0
419	del_mutL_srlD	8	1	132	231	42	13	0	105	61	2	26	10	2	39	0	13	5	0	0	0	0	89	0	60	25	0	2	0	0	23	0	10	4	0	2	0	0
419	del_mutL_srlD	8	1	132	264	72	5	4	144	12	8	115	4	5	70	0	5	0	0	4	0	0	135	0	12	0	0	8	0	0	115	0	4	0	0	4	0	0
419	del_mutL_srlD	8	1	132	297	0	0	50	0	0	89	0	0	22	0	0	0	0	0	50	0	0	0	0	0	0	0	89	0	0	0	0	0	0	0	22	0	0
420	del_araBAD	9	1	165	29	49	0	0	74	6	0	21	2	1	49	0	0	0	0	0	0	0	74	6	0	0	0	0	0	0	21	2	0	0	0	1	0	0
420	del_araBAD	9	1	165	66	1	0	0	3	1	0	4	1	0	1	0	0	0	0	0	0	0	3	1	0	0	0	0	0	0	4	1	0	0	0	0	0	0
420	del_araBAD	9	1	165	99	8	0	4	9	9	0	1	2	0	8	0	0	0	0	0	0	0	9	3	0	0	0	0	0	0	1	2	0	0	0	0	0	0
420	del_araBAD	9	1	165	132	1	0	7	18	0	13	7	0	1	1	0	0	0	0	0	0	0	9	5	0	2	0	0	0	0	0	0	0	0	0	0	0	0
420	del_araBAD	9	1	165	165	35	0	20	65	0	37	19	0	8	35	0	14	8	0	9	0	0	65	1	25	21	0	3	0	0	19	0	1	7	0	1	0	0
420	del_araBAD	9	1	165	198	11	0	8	28	0	28	9	0	7	11	0	1	4	0	3	0	0	28	0	6	11	0	11	0	0	9	0	2	1	0	4	0	0
420	del_araBAD	9	1	165	231	25	0	10	68	0	16	16	1	6	25	0	0	2	0	10	0	0	71	0	1	4	0	14	0	0	16	1	1	2	0	6	0	0
420	del_araBAD	9	1	165	264	36	0	24	45	0	65	77	0	28	36	0	0	0	0	22	0	0	51	0	0	11	0	51	0	0	84	0	0	0	0	25	0	0
420	del_araBAD	9	1	165	297	0	0	36	0	0	79	0	0	33	0	0	0	0	0	36	0	0	0	0	0	0	0	78	0	0	0	0	0	0	0	33	0	0
421	del_mutL	8	1	66	29	12	2	0	24	21	0	7	2	1	5	1	0	0	0	0	0	0	8	16	0	0	0	0	0	0	6	1	0	0	0	0	0	0
421	del_mutL	8	1	66	66	11	6	0	44	16	0	14	9	0	6	3	4	5	0	0	0	0	30	10	11	16	0	0	0	0	7	6	4	7	0	1	0	0
421	del_mutL	8	1	66	99	23	6	0	53	18	1	12	4	0	16	0	6	8	0	0	0	0	45	1	17	8	0	2	0	0	9	0	4	3	0	0	0	0
421	del_mutL	8	1	66	132	22	8	4	37	19	1	8	2	0	15	0	8	7	0	4	0	0	26	0	19	11	0	1	0	0	3	0	2	5	0	0	0	0
421	del_mutL	8	1	66	165	36	7	5	72	21	2	24	6	0	9	0	7	27	0	5	0	0	17	0	21	55	0	1	0	0	7	0	6	17	0	0	0	0
421	del_mutL	8	1	66	231	11	11	1	27	11	2	4	3	1	11	0	11	6	0	1	0	0	27	0	11	14	0	2	0	0	4	0	3	1	0	1	0	0
421	del_mutL	8	1	66	264	47	0	28	91	0	42	36	0	31	47	0	0	0	0	28	0	0	91	0	0	0	0	42	0	0	36	0	0	0	0	31	0	0
421	del_mutL	8	1	66	297	0	0	98	0	0	228	0	0	104	0	0	0	0	0	98	0	0	0	0	0	0	0	228	0	0	0	0	0	0	0	104	0	0
422	del_srlD	9	-1	0	29	12	0	29	8	5	7	21	0	9	0	0	0	0	0	0	0	0	0	0	0	0	0	0	0	0	0	0	0	0	0	0	0	0
422	del_srlD	9	-1	0	66	3	0	32	7	2	10	4	1	0	0	0	0	0	0	0	0	0	0	0	0	0	0	0	0	0	0	0	0	0	0	0	0	0
422	del_srlD	9	-1	0	99	1	9	0	6	4	1	1	0	0	0	0	0	0	0	0	0	0	0	0	0	0	0	0	0	0	0	0	0	0	0	0	0	0
422	del_srlD	9	-1	0	132	1	0	0	12	4	0	1	0	0	0	0	0	0	0	0	0	0	0	0	0	0	0	0	0	0	0	0	0	0	0	0	0	0
422	del_srlD	9	-1	0	165	3	1	0	10	4	0	6	2	0	0	0	0	0	0	0	0	0	0	0	0	0	0	0	0	0	0	0	0	0	0	0	0	0
422	del_srlD	9	-1	0	198	12	0	0	29	0	0	3	0	0	0	0	0	0	0	0	0	0	0	0	0	0	0	0	0	0	0	0	0	0	0	0	0	0
422	del_srlD	9	-1	0	231	6	0	0	18	1	1	7	0	1	0	0	0	0	0	0	0	0	0	0	0	0	0	0	0	0	0	0	0	0	0	0	0	0
422	del_srlD	9	-1	0	264	39	0	6	58	0	6	73	2	25	0	0	0	0	0	0	0	0	0	0	0	0	0	0	0	0	0	0	0	0	0	0	0	0
422	del_srlD	9	-1	0	297	0	0	19	0	0	60	0	0	32	0	0	0	0	0	0	0	0	0	0	0	0	0	0	0	0	0	0	0	0	0	0	0	0
423	del_mutL_araBAD	9	1	165	29	47	14	0	86	35	1	24	8	2	13	14	0	0	0	0	0	0	33	35	0	0	0	0	0	0	16	8	0	2	0	0	0	0
423	del_mutL_araBAD	9	1	165	66	21	6	0	65	8	0	8	1	1	25	5	0	0	0	0	0	0	78	8	0	0	0	0	0	0	11	1	0	1	0	0	0	0
423	del_mutL_araBAD	9	1	165	99	31	7	0	64	17	0	10	5	1	31	0	0	0	0	0	0	0	66	0	0	0	0	0	0	0	11	0	0	1	0	0	0	0
423	del_mutL_araBAD	9	1	165	132	21	24	3	39	45	5	7	11	2	51	32	3	7	0	0	0	0	76	61	4	9	0	0	0	0	11	16	0	4	0	0	0	0
423	del_mutL_araBAD	9	1	165	165	38	0	10	57	0	22	24	0	6	38	0	8	0	0	3	0	0	57	1	16	0	0	11	0	0	24	0	4	0	0	4	0	0
423	del_mutL_araBAD	9	1	165	198	54	0	19	115	0	30	8	0	7	54	0	11	5	0	1	0	0	115	0	16	10	0	3	0	0	8	0	4	2	0	0	0	0
423	del_mutL_araBAD	9	1	165	231	6	0	38	22	1	114	3	1	23	6	0	21	13	0	4	0	0	22	0	65	54	0	11	0	0	3	1	16	12	0	2	0	0
423	del_mutL_araBAD	9	1	165	264	100	0	111	214	0	216	89	0	62	100	0	4	24	0	77	0	0	215	1	3	54	0	132	0	0	89	0	2	18	0	32	0	0
423	del_mutL_araBAD	9	1	165	297	0	0	115	0	0	335	0	0	97	0	0	0	0	0	115	0	0	0	0	0	0	1	334	0	0	0	0	0	0	2	95	0	0
424	wt	9	1	132	29	1	0	0	1	2	0	0	0	0	1	0	0	0	0	0	0	0	1	2	0	0	0	0	0	0	0	0	0	0	0	0	0	0
424	wt	9	1	132	66	11	6	0	21	15	0	12	3	1	11	6	0	0	0	0	0	0	21	17	0	0	0	0	0	0	12	3	0	0	0	1	0	0
424	wt	9	1	132	99	5	1	0	32	11	1	7	7	0	5	1	0	0	0	0	0	0	32	9	0	0	0	1	0	0	7	7	0	0	0	0	0	0
424	wt	9	1	132	132	5	9	0	6	11	0	2	3	2	5	6	0	0	0	0	0	0	6	6	0	0	0	0	0	0	2	3	0	0	0	0	0	0
424	wt	9	1	132	165	10	9	12	42	1	25	14	0	8	0	3	0	0	0	0	0	0	0	5	0	0	0	0	0	0	0	0	0	0	0	0	0	0
424	wt	9	1	132	198	33	0	4	81	0	13	36	0	15	34	0	6	2	0	4	0	0	86	0	22	2	0	9	0	0	40	0	8	1	0	13	0	0
424	wt	9	1	132	231	6	0	6	12	0	9	4	1	0	15	4	0	12	0	10	0	0	48	0	0	46	0	11	0	0	17	0	0	4	0	0	0	0
424	wt	9	1	132	264	25	0	69	74	0	147	58	0	49	25	4	1	6	0	50	0	0	74	0	0	12	0	92	0	0	58	1	1	3	0	41	0	0
424	wt	9	1	132	297	0	0	57	0	0	172	0	0	115	0	0	0	0	1	57	0	0	0	0	0	0	1	173	0	0	0	0	0	0	0	115	0	0
501	wt	7	-1	0	22	0	0	2	0	5	0	4	0	1	0	0	0	0	0	0	0	0	0	0	0	0	0	0	0	0	0	0	0	0	0	0	0	0
501	wt	7	-1	0	50	1	0	0	5	1	0	3	0	0	0	0	0	0	0	0	0	0	0	0	0	0	0	0	0	0	0	0	0	0	0	0	0	0
501	wt	7	-1	0	75	33	0	0	84	3	1	24	2	1	0	0	0	0	0	0	0	0	0	0	0	0	0	0	0	0	0	0	0	0	0	0	0	0
501	wt	7	-1	0	100	0	0	0	9	0	0	4	0	0	0	0	0	0	0	0	0	0	0	0	0	0	0	0	0	0	0	0	0	0	0	0	0	0
501	wt	7	-1	0	175	56	0	0	110	5	1	26	1	1	0	0	0	0	0	0	0	0	0	0	0	0	0	0	0	0	0	0	0	0	0	0	0	0
501	wt	7	-1	0	200	41	0	12	51	0	12	56	0	12	0	0	0	0	0	0	0	0	0	0	0	0	0	0	0	0	0	0	0	0	0	0	0	0
501	wt	7	-1	0	225	0	0	12	0	0	47	0	0	31	0	0	0	0	0	0	0	0	0	0	0	0	0	0	0	0	0	0	0	0	0	0	0	0
502	del_mutL_srlD	7	1	125	22	4	4	30	10	17	5	10	2	1	8	2	0	0	0	13	0	0	10	11	0	0	0	3	0	0	1	1	0	0	0	0	0	0
502	del_mutL_srlD	7	1	125	50	6	5	1	8	11	0	14	2	8	14	7	0	1	0	0	0	0	9	17	0	0	0	0	0	0	23	3	0	9	0	0	0	0
502	del_mutL_srlD	7	1	125	75	2	1	0	5	8	3	0	4	1	1	1	0	0	0	0	0	0	5	8	0	0	0	0	0	0	0	4	0	0	0	0	0	0
502	del_mutL_srlD	7	1	125	100	6	0	18	14	0	6	2	0	1	6	0	0	6	0	24	0	0	15	0	1	4	0	8	0	0	2	0	1	0	0	1	0	0
502	del_mutL_srlD	7	1	125	175	2	0	1	5	0	4	2	0	3	2	0	0	13	0	1	0	0	5	0	4	9	0	4	0	0	2	0	1	11	0	2	0	0
502	del_mutL_srlD	7	1	125	200	35	0	52	92	1	47	61	0	56	35	0	0	11	0	24	0	0	92	0	0	12	0	19	0	0	61	0	0	19	0	26	0	0
502	del_mutL_srlD	7	1	125	225	0	0	33	0	0	118	0	0	48	0	0	0	0	0	31	0	0	0	0	0	0	1	117	0	0	0	0	0	0	0	48	0	0
503	del_araBAD	8	0	0	22	1	1	3	7	2	0	2	1	1	0	0	0	0	0	0	0	0	6	2	0	0	0	0	0	0	2	1	0	0	0	1	0	0
503	del_araBAD	8	0	0	50	4	0	1	12	2	0	7	0	2	6	1	0	0	0	3	0	0	11	1	1	1	0	0	0	0	7	0	0	0	0	2	0	0
503	del_araBAD	8	0	0	75	0	0	0	8	4	2	4	1	0	0	0	0	0	0	0	0	0	8	0	4	0	0	2	0	0	5	0	1	0	0	0	0	0
503	del_araBAD	8	0	0	100	6	0	0	12	0	0	2	0	0	6	0	0	0	0	0	0	0	12	0	0	0	0	0	0	0	2	0	0	0	0	0	0	0
503	del_araBAD	8	0	0	150	54	7	7	33	7	5	9	2	6	42	0	7	12	0	8	0	0	24	0	7	9	0	5	0	0	5	0	2	2	0	8	0	0
503	del_araBAD	8	0	0	175	9	1	3	33	0	3	33	0	7	9	0	0	0	0	3	0	0	33	0	0	1	0	3	0	0	33	0	0	0	0	7	0	0
503	del_araBAD	8	0	0	200	15	0	2	56	0	14	45	0	14	14	0	0	0	1	2	0	0	56	0	0	0	0	14	0	0	44	0	0	0	0	14	0	0
503	del_araBAD	8	0	0	225	0	0	15	0	0	53	0	0	48	0	0	0	0	1	14	0	0	0	0	0	0	0	53	0	0	0	0	0	0	0	48	0	0
504	del_mutL	8	0	0	22	2	8	3	9	15	0	6	4	1	2	8	0	3	0	0	0	0	9	15	0	0	0	0	0	0	6	4	0	1	0	0	0	0
504	del_mutL	8	0	0	50	26	0	1	40	5	2	60	0	3	24	0	0	1	0	0	0	0	39	4	0	0	1	0	0	0	59	0	0	2	0	1	0	0
504	del_mutL	8	0	0	75	3	1	1	3	11	1	6	6	1	0	0	0	0	0	0	0	0	2	11	0	0	0	0	0	0	0	3	0	1	0	0	0	0
504	del_mutL	8	0	0	100	5	0	0	14	1	1	5	1	0	7	1	0	0	0	0	0	0	15	0	0	1	0	0	0	0	9	4	0	0	0	0	0	0
504	del_mutL	8	0	0	150	19	0	11	30	8	6	18	1	6	23	0	0	10	0	0	0	0	31	8	0	8	0	0	0	0	19	1	0	5	0	0	0	0
504	del_mutL	8	0	0	175	4	1	0	15	4	2	2	1	0	4	1	0	0	0	0	0	0	15	5	0	2	0	0	0	0	2	0	0	0	0	0	0	0
504	del_mutL	8	0	0	200	39	1	7	97	1	6	63	0	17	40	0	0	6	0	0	0	0	97	0	0	6	0	0	0	0	67	0	0	13	0	0	0	0
504	del_mutL	8	0	0	225	0	0	19	0	0	53	0	0	35	0	0	0	0	1	20	0	0	0	0	0	0	1	54	0	0	0	0	0	0	1	38	0	0
505	del_srlD	8	-1	0	22	0	0	34	4	2	6	17	0	3	0	0	0	0	0	0	0	0	0	0	0	0	0	0	0	0	0	0	0	0	0	0	0	0
505	del_srlD	8	-1	0	50	0	0	9	4	0	5	12	0	8	0	0	0	0	0	0	0	0	0	0	0	0	0	0	0	0	0	0	0	0	0	0	0	0
505	del_srlD	8	-1	0	75	12	0	1	6	5	1	5	1	6	0	0	0	0	0	0	0	0	0	0	0	0	0	0	0	0	0	0	0	0	0	0	0	0
505	del_srlD	8	-1	0	100	2	0	16	2	0	4	2	0	14	0	0	0	0	0	0	0	0	0	0	0	0	0	0	0	0	0	0	0	0	0	0	0	0
505	del_srlD	8	-1	0	150	18	0	31	26	5	22	44	1	4	0	0	0	0	0	0	0	0	0	0	0	0	0	0	0	0	0	0	0	0	0	0	0	0
505	del_srlD	8	-1	0	175	8	0	1	29	1	4	9	0	1	0	0	0	0	0	0	0	0	0	0	0	0	0	0	0	0	0	0	0	0	0	0	0	0
505	del_srlD	8	-1	0	200	22	0	3	33	0	8	22	0	22	0	0	0	0	0	0	0	0	0	0	0	0	0	0	0	0	0	0	0	0	0	0	0	0
505	del_srlD	8	-1	0	225	0	0	29	0	0	130	0	0	92	0	0	0	0	0	0	0	0	0	0	0	0	0	0	0	0	0	0	0	0	0	0	0	0
506	del_mutL_araBAD	8	1	25	22	0	3	0	4	10	0	2	0	1	0	3	0	0	0	0	0	0	1	10	0	0	0	0	0	0	2	0	0	0	0	1	0	0
506	del_mutL_araBAD	8	1	25	50	8	0	0	25	2	0	7	2	0	7	0	0	0	0	0	0	0	25	2	0	0	0	0	0	0	7	2	0	0	0	0	0	0
506	del_mutL_araBAD	8	1	25	75	9	7	2	42	20	1	15	4	1	0	3	0	0	0	0	0	0	1	7	0	0	0	0	0	0	0	1	0	0	0	0	0	0
506	del_mutL_araBAD	8	1	25	100	12	0	0	34	1	0	5	0	1	12	0	8	4	0	0	0	0	38	2	17	17	0	0	0	0	6	0	4	3	0	1	0	0
506	del_mutL_araBAD	8	1	25	150	34	4	13	68	8	11	32	2	3	35	0	0	5	0	16	0	0	69	3	0	23	0	12	0	0	32	1	0	10	0	4	0	0
506	del_mutL_araBAD	8	1	25	175	12	2	4	31	1	15	11	0	1	12	0	2	0	0	4	0	0	31	0	0	0	0	15	0	0	11	0	0	0	0	1	0	0
506	del_mutL_araBAD	8	1	25	200	58	1	17	180	0	20	81	0	23	58	0	1	0	0	16	0	0	178	0	0	0	1	21	0	0	82	0	0	0	0	23	0	0
506	del_mutL_araBAD	8	1	25	225	0	0	42	0	0	145	0	0	36	0	0	0	0	0	42	0	0	0	0	0	0	0	145	0	0	0	0	0	0	0	36	0	0
507	del_mutL_srlD	5	0	0	22	11	2	19	6	10	4	3	1	1	4	2	0	0	8	0	0	0	5	9	0	0	2	0	0	0	1	1	0	0	0	1	0	0
507	del_mutL_srlD	5	0	0	50	179	4	23	401	16	13	104	5	2	179	0	0	23	1	1	0	0	401	1	0	16	1	1	0	0	106	0	0	3	0	1	0	0
507	del_mutL_srlD	5	0	0	75	9	0	8	11	0	16	25	1	9	9	4	0	5	2	0	0	0	10	16	0	0	1	0	0	0	25	6	0	4	0	0	0	0
507	del_mutL_srlD	5	0	0	100	6	0	17	22	0	5	14	0	14	6	0	8	45	0	26	0	0	23	0	2	92	0	16	0	0	14	0	0	27	0	17	0	0
507	del_mutL_srlD	5	0	0	150	0	0	89	0	0	175	0	0	75	0	0	0	0	0	44	0	0	0	0	0	0	0	83	0	0	0	0	0	0	0	48	0	0
508	del_araBAD	7	-1	0	22	4	4	1	6	4	0	13	0	2	0	0	0	0	0	0	0	0	0	0	0	0	0	0	0	0	0	0	0	0	0	0	0	0
508	del_araBAD	7	-1	0	50	1	0	0	6	0	0	12	0	0	0	0	0	0	0	0	0	0	0	0	0	0	0	0	0	0	0	0	0	0	0	0	0	0
508	del_araBAD	7	-1	0	75	4	0	0	7	4	0	3	1	0	0	0	0	0	0	0	0	0	0	0	0	0	0	0	0	0	0	0	0	0	0	0	0	0
508	del_araBAD	7	-1	0	100	12	3	0	33	4	0	4	2	0	0	0	0	0	0	0	0	0	0	0	0	0	0	0	0	0	0	0	0	0	0	0	0	0
508	del_araBAD	7	-1	0	150	26	2	0	36	3	0	29	3	2	0	0	0	0	0	0	0	0	0	0	0	0	0	0	0	0	0	0	0	0	0	0	0	0
508	del_araBAD	7	-1	0	200	151	0	37	99	0	8	51	0	7	0	0	0	0	0	0	0	0	0	0	0	0	0	0	0	0	0	0	0	0	0	0	0	0
508	del_araBAD	7	-1	0	225	0	0	16	0	0	32	0	0	6	0	0	0	0	0	0	0	0	0	0	0	0	0	0	0	0	0	0	0	0	0	0	0	0
509	del_mutL	8	-1	0	22	7	4	0	24	16	1	8	1	1	0	0	0	0	0	0	0	0	0	0	0	0	0	0	0	0	0	0	0	0	0	0	0	0
509	del_mutL	8	-1	0	50	32	3	0	122	17	2	32	3	0	0	0	0	0	0	0	0	0	0	0	0	0	0	0	0	0	0	0	0	0	0	0	0	0
509	del_mutL	8	-1	0	75	34	2	0	94	7	0	33	1	0	0	0	0	0	0	0	0	0	0	0	0	0	0	0	0	0	0	0	0	0	0	0	0	0
509	del_mutL	8	-1	0	100	10	1	0	35	2	0	8	0	0	0	0	0	0	0	0	0	0	0	0	0	0	0	0	0	0	0	0	0	0	0	0	0	0
509	del_mutL	8	-1	0	150	14	0	6	41	4	7	15	3	9	0	0	0	0	0	0	0	0	0	0	0	0	0	0	0	0	0	0	0	0	0	0	0	0
509	del_mutL	8	-1	0	175	12	0	4	26	0	10	14	2	3	0	0	0	0	0	0	0	0	0	0	0	0	0	0	0	0	0	0	0	0	0	0	0	0
509	del_mutL	8	-1	0	200	59	0	19	159	1	28	58	0	19	0	0	0	0	0	0	0	0	0	0	0	0	0	0	0	0	0	0	0	0	0	0	0	0
509	del_mutL	8	-1	0	225	0	0	36	0	0	88	0	0	37	0	0	0	0	0	0	0	0	0	0	0	0	0	0	0	0	0	0	0	0	0	0	0	0
510	del_srlD	8	0	0	22	3	0	25	5	4	4	22	0	1	3	0	0	0	0	25	0	0	5	4	0	0	0	4	0	0	21	0	0	0	0	1	0	0
510	del_srlD	8	0	0	50	3	0	14	3	3	4	1	1	0	3	0	0	0	0	14	0	0	3	2	0	0	0	4	0	0	1	1	0	0	0	0	0	0
510	del_srlD	8	0	0	75	4	0	3	2	1	3	11	0	11	2	0	0	0	0	3	0	0	2	1	0	0	0	3	0	0	10	0	0	0	0	11	0	0
510	del_srlD	8	0	0	100	15	0	7	32	1	2	8	0	10	19	0	0	12	2	0	0	0	52	2	0	44	1	0	0	0	16	0	0	29	0	0	0	0
510	del_srlD	8	0	0	150	3	0	28	22	4	10	9	0	5	0	0	0	0	0	0	0	0	1	0	0	0	4	0	0	0	0	0	0	0	0	0	0	0
510	del_srlD	8	0	0	175	4	0	2	17	1	0	14	1	4	4	0	0	0	0	32	0	0	17	0	1	0	0	11	0	0	14	0	1	0	0	18	0	0
510	del_srlD	8	0	0	200	20	0	18	61	3	14	47	0	25	9	0	0	0	0	20	0	0	18	0	3	0	0	14	0	0	20	0	0	0	0	26	0	0
510	del_srlD	8	0	0	225	0	0	15	0	0	37	0	0	38	0	0	0	0	0	16	0	0	0	0	0	0	0	37	0	0	0	0	0	0	0	39	0	0
511	del_mutL_araBAD	6	0	0	75	4	4	0	12	23	1	10	4	1	4	4	0	0	0	0	0	0	13	23	0	0	0	0	0	0	10	4	0	0	0	1	0	0
511	del_mutL_araBAD	6	0	0	100	9	4	0	52	6	0	7	2	1	9	4	0	0	0	0	0	0	50	6	0	0	0	0	0	0	7	2	0	0	0	0	0	0
511	del_mutL_araBAD	6	0	0	150	40	5	0	73	21	0	6	7	0	38	2	0	0	0	0	0	0	69	4	0	0	0	0	0	0	6	2	0	0	0	0	0	0
511	del_mutL_araBAD	6	0	0	175	6	3	13	39	0	20	21	0	6	4	4	0	0	2	0	0	0	6	17	0	0	0	0	0	0	0	6	0	0	0	0	0	0
511	del_mutL_araBAD	6	0	0	200	21	0	18	63	0	9	38	0	24	40	0	5	0	0	0	0	0	123	0	0	0	0	0	0	0	68	0	0	0	3	0	0	0
511	del_mutL_araBAD	6	0	0	225	0	0	14	0	0	33	0	0	33	0	0	0	0	0	25	0	0	0	0	0	0	0	41	0	0	0	0	0	0	0	51	0	0
512	wt	7	0	0	22	0	0	0	0	2	0	0	1	0	0	0	0	0	0	0	0	0	0	2	0	0	0	0	0	0	0	0	0	0	0	0	0	0
512	wt	7	0	0	50	3	0	0	1	5	0	0	0	1	3	0	0	0	0	0	0	0	1	0	5	0	0	0	0	0	0	1	0	0	0	1	0	0
512	wt	7	0	0	75	0	0	0	6	1	0	2	2	1	0	0	0	0	0	0	0	0	6	0	1	0	0	0	0	0	2	0	1	0	0	1	0	0
512	wt	7	0	0	100	5	4	0	10	2	0	4	0	0	5	0	0	0	0	0	0	0	10	0	1	0	0	0	0	0	4	1	0	0	0	0	0	0
512	wt	7	0	0	175	3	5	3	23	8	3	21	1	7	3	4	5	0	0	3	0	0	23	3	5	0	0	3	0	0	21	0	0	0	0	7	0	0
512	wt	7	0	0	200	19	0	18	54	0	11	49	0	15	19	0	0	0	0	18	0	0	54	0	0	0	1	11	0	0	49	0	0	0	1	15	0	0
512	wt	7	0	0	225	0	0	7	0	0	27	0	0	27	0	0	0	0	0	7	0	0	0	0	0	0	2	25	0	0	0	0	0	0	1	26	0	0
513	wt	7	0	0	22	0	0	3	2	4	0	5	1	0	0	0	0	0	0	2	0	0	0	4	0	0	0	0	0	0	0	1	0	0	0	0	0	0
513	wt	7	0	0	50	40	0	0	87	3	5	23	0	1	40	0	0	0	0	0	0	0	86	3	3	0	0	2	0	0	23	0	0	0	0	1	0	0
513	wt	7	0	0	75	1	0	2	3	0	2	2	0	0	1	0	0	0	0	2	0	0	2	0	1	0	0	0	0	0	5	0	0	0	0	0	0	0
513	wt	7	0	0	100	4	0	8	18	0	0	5	0	0	4	0	0	0	0	4	0	0	21	0	0	0	0	2	0	0	7	0	0	0	0	0	0	0
513	wt	7	0	0	175	12	0	4	48	0	13	50	0	10	12	0	1	15	0	5	0	0	48	0	6	42	0	7	0	0	50	0	2	16	0	8	0	0
513	wt	7	0	0	200	15	0	11	49	0	14	39	0	14	15	0	0	0	0	11	0	0	49	0	0	0	0	14	0	0	39	0	0	0	0	14	0	0
513	wt	7	0	0	225	0	0	14	0	0	59	0	0	27	0	0	0	0	0	2	0	0	0	0	0	0	0	17	0	0	0	0	0	0	0	11	0	0
514	del_mutL_srlD	8	0	0	22	8	2	26	20	9	5	17	1	1	14	2	0	0	0	0	0	0	21	8	0	0	0	0	0	0	0	1	0	0	0	0	0	0
514	del_mutL_srlD	8	0	0	50	65	4	46	277	8	21	107	3	8	66	2	2	0	0	61	0	0	279	6	4	0	0	22	0	0	115	2	1	0	0	10	0	0
514	del_mutL_srlD	8	0	0	75	1	4	7	16	5	19	5	1	0	1	0	7	0	0	4	0	0	16	0	17	0	0	7	0	0	14	0	1	0	0	0	0	0
514	del_mutL_srlD	8	0	0	100	36	0	3	79	1	6	15	1	1	36	0	3	0	0	0	0	0	79	0	7	0	0	0	0	0	15	0	2	0	0	0	0	0
514	del_mutL_srlD	8	0	0	150	26	0	12	79	3	34	11	0	9	26	0	9	0	0	3	0	0	78	0	21	0	0	17	0	0	11	0	5	0	0	4	0	0
514	del_mutL_srlD	8	0	0	175	7	1	2	23	4	36	5	2	7	7	0	7	0	0	0	0	0	23	0	34	0	0	19	0	0	5	0	8	0	0	5	0	0
514	del_mutL_srlD	8	0	0	200	40	0	23	86	0	22	76	0	25	40	0	0	0	0	19	0	0	86	0	0	0	1	8	0	0	76	0	0	0	0	20	0	0
514	del_mutL_srlD	8	0	0	225	0	0	29	0	0	58	0	0	31	0	0	0	0	0	33	0	0	0	0	0	0	0	58	0	0	0	0	0	0	0	31	0	0
515	del_araBAD	8	0	0	22	1	0	1	1	5	0	2	1	1	0	0	0	0	0	0	0	0	1	5	0	0	0	0	0	0	1	1	0	0	0	1	0	0
515	del_araBAD	8	0	0	50	31	7	0	72	2	0	20	1	0	0	7	0	31	0	0	0	0	5	2	0	67	0	0	0	0	0	0	0	21	1	0	0	0
515	del_araBAD	8	0	0	75	2	0	3	8	1	0	11	0	1	3	0	0	7	0	1	0	0	7	0	0	25	0	1	0	0	11	0	0	4	0	1	0	0
515	del_araBAD	8	0	0	100	41	0	0	21	1	0	5	1	0	40	0	0	0	0	0	0	0	21	1	0	0	0	0	0	0	5	1	0	0	0	0	0	0
515	del_araBAD	8	0	0	150	11	1	2	18	1	0	5	1	4	10	0	0	0	0	0	0	0	18	1	0	0	0	0	0	0	4	0	0	0	0	0	0	0
515	del_araBAD	8	0	0	175	6	1	4	25	3	4	7	0	1	0	1	0	0	0	0	0	0	1	0	0	0	0	0	0	0	0	0	0	0	0	0	0	0
515	del_araBAD	8	0	0	200	14	0	2	54	1	4	43	0	8	16	0	0	0	1	9	0	0	54	0	4	0	0	8	0	0	48	0	1	0	0	11	0	0
515	del_araBAD	8	0	0	225	0	0	5	0	0	23	0	0	15	0	0	0	0	0	6	0	0	0	0	0	0	2	21	0	0	0	0	0	0	1	15	0	0
516	del_mutL	8	0	0	22	5	11	2	12	30	0	3	4	1	5	11	0	0	0	0	0	0	12	30	0	0	0	0	0	0	3	4	0	0	0	1	0	0
516	del_mutL	8	0	0	50	37	20	0	118	48	1	30	4	0	37	20	0	0	0	0	0	0	117	44	1	0	0	1	0	0	29	4	0	0	0	0	0	0
516	del_mutL	8	0	0	75	50	13	4	103	38	1	27	10	5	9	5	1	0	0	0	0	0	18	32	0	0	0	0	0	0	4	6	0	0	0	1	0	0
516	del_mutL	8	0	0	100	78	11	0	154	37	0	41	0	0	52	0	10	48	0	0	0	0	105	0	14	89	0	0	0	0	24	0	4	28	0	1	0	0
516	del_mutL	8	0	0	150	75	18	6	166	55	12	31	10	5	75	13	11	19	0	9	0	0	166	44	42	44	0	17	0	0	31	6	4	11	0	7	0	0
516	del_mutL	8	0	0	175	24	4	10	28	9	20	9	1	2	24	0	4	0	0	10	0	0	28	0	9	0	0	20	0	0	9	0	1	0	0	2	0	0
516	del_mutL	8	0	0	200	68	0	22	157	0	50	81	0	25	68	0	0	0	0	27	0	0	158	0	0	0	0	48	0	0	83	0	0	0	0	25	0	0
516	del_mutL	8	0	0	225	0	0	121	0	0	215	0	0	55	0	0	0	0	0	121	0	0	0	0	0	0	0	215	0	0	0	0	0	0	0	56	0	0
517	del_srlD	8	-1	0	22	19	0	13	13	0	2	35	0	0	0	0	0	0	0	0	0	0	0	0	0	0	0	0	0	0	0	0	0	0	0	0	0	0
517	del_srlD	8	-1	0	50	24	0	21	46	3	5	17	0	2	0	0	0	0	0	0	0	0	0	0	0	0	0	0	0	0	0	0	0	0	0	0	0	0
517	del_srlD	8	-1	0	75	66	0	0	145	0	0	28	0	1	0	0	0	0	0	0	0	0	0	0	0	0	0	0	0	0	0	0	0	0	0	0	0	0
517	del_srlD	8	-1	0	100	3	0	11	12	0	2	2	0	0	0	0	0	0	0	0	0	0	0	0	0	0	0	0	0	0	0	0	0	0	0	0	0	0
517	del_srlD	8	-1	0	150	48	0	13	99	9	9	9	1	7	0	0	0	0	0	0	0	0	0	0	0	0	0	0	0	0	0	0	0	0	0	0	0	0
517	del_srlD	8	-1	0	175	19	0	1	64	0	1	22	0	4	0	0	0	0	0	0	0	0	0	0	0	0	0	0	0	0	0	0	0	0	0	0	0	0
517	del_srlD	8	-1	0	200	13	0	17	42	0	9	38	0	33	0	0	0	0	0	0	0	0	0	0	0	0	0	0	0	0	0	0	0	0	0	0	0	0
517	del_srlD	8	-1	0	225	0	0	24	0	0	45	0	0	33	0	0	0	0	0	0	0	0	0	0	0	0	0	0	0	0	0	0	0	0	0	0	0	0
518	del_mutL_araBAD	8	-1	0	22	5	0	1	16	10	1	14	0	2	0	0	0	0	0	0	0	0	0	0	0	0	0	0	0	0	0	0	0	0	0	0	0	0
518	del_mutL_araBAD	8	-1	0	50	291	3	0	549	14	1	106	1	1	0	0	0	0	0	0	0	0	0	0	0	0	0	0	0	0	0	0	0	0	0	0	0	0
518	del_mutL_araBAD	8	-1	0	75	1	3	1	6	5	0	3	3	1	0	0	0	0	0	0	0	0	0	0	0	0	0	0	0	0	0	0	0	0	0	0	0	0
518	del_mutL_araBAD	8	-1	0	100	69	0	0	150	4	0	35	4	0	0	0	0	0	0	0	0	0	0	0	0	0	0	0	0	0	0	0	0	0	0	0	0	0
518	del_mutL_araBAD	8	-1	0	150	10	0	12	38	6	11	17	2	8	0	0	0	0	0	0	0	0	0	0	0	0	0	0	0	0	0	0	0	0	0	0	0	0
518	del_mutL_araBAD	8	-1	0	175	9	7	0	18	4	2	5	3	2	0	0	0	0	0	0	0	0	0	0	0	0	0	0	0	0	0	0	0	0	0	0	0	0
518	del_mutL_araBAD	8	-1	0	200	7	0	5	41	0	4	39	0	19	0	0	0	0	0	0	0	0	0	0	0	0	0	0	0	0	0	0	0	0	0	0	0	0
518	del_mutL_araBAD	8	-1	0	225	0	0	18	0	0	72	0	0	63	0	0	0	0	0	0	0	0	0	0	0	0	0	0	0	0	0	0	0	0	0	0	0	0
519	del_mutL_srlD	8	0	0	22	5	7	25	11	12	5	22	2	2	10	7	0	0	3	3	0	0	8	12	0	0	0	2	0	0	7	2	0	0	0	0	0	0
519	del_mutL_srlD	8	0	0	50	24	7	48	154	15	19	71	2	30	30	4	13	1	0	45	0	0	156	6	3	3	0	15	0	0	74	0	0	26	0	7	0	0
519	del_mutL_srlD	8	0	0	75	46	2	0	92	6	0	16	2	0	45	4	0	0	0	0	0	0	92	14	0	0	0	0	0	0	16	2	0	0	0	0	0	0
519	del_mutL_srlD	8	0	0	100	14	2	0	18	6	0	2	2	0	14	0	0	0	0	0	0	0	20	0	1	0	0	0	0	0	15	2	0	0	0	0	0	0
519	del_mutL_srlD	8	0	0	150	38	1	1	95	6	0	14	0	0	37	3	1	0	0	1	0	0	95	6	5	0	1	0	0	0	14	2	0	0	0	0	0	0
519	del_mutL_srlD	8	0	0	175	23	0	5	39	0	3	7	0	0	23	0	0	13	0	5	0	0	39	0	0	12	0	3	0	0	7	0	0	14	0	0	0	0
519	del_mutL_srlD	8	0	0	200	32	1	25	92	5	18	77	1	25	32	0	0	3	0	9	0	0	92	0	1	2	0	5	0	0	75	0	0	4	0	8	0	0
519	del_mutL_srlD	8	0	0	225	0	0	10	0	0	34	0	0	24	0	0	0	0	2	8	0	0	0	0	0	0	11	26	0	0	0	0	0	0	1	23	0	0
520	del_araBAD	8	0	0	22	0	0	3	3	3	0	6	1	2	1	0	0	0	0	1	0	0	3	3	0	0	0	0	0	0	4	1	0	0	0	1	0	0
520	del_araBAD	8	0	0	50	1	0	0	3	2	1	6	0	2	1	0	0	1	0	0	0	0	3	1	0	1	0	0	0	0	8	0	0	1	0	0	0	0
520	del_araBAD	8	0	0	75	2	0	4	11	0	1	36	0	2	4	0	0	0	0	0	0	0	11	1	0	0	0	1	0	0	36	0	0	3	0	1	0	0
520	del_araBAD	8	0	0	100	6	0	0	27	3	0	8	0	0	6	0	0	0	0	0	0	0	27	2	0	0	0	0	0	0	8	0	0	0	0	0	0	0
520	del_araBAD	8	0	0	150	4	2	5	18	4	2	11	1	1	7	2	0	2	0	0	0	0	18	5	0	0	0	1	0	0	12	1	0	2	0	0	0	0
520	del_araBAD	8	0	0	175	11	7	6	40	5	1	20	1	5	11	2	0	0	5	0	0	0	40	5	0	1	0	0	0	0	22	1	0	4	0	0	0	0
520	del_araBAD	8	0	0	200	10	0	2	51	0	13	32	0	23	10	0	0	0	0	0	0	0	53	0	0	0	2	0	0	0	43	0	0	0	0	0	0	0
520	del_araBAD	8	0	0	225	0	0	19	0	0	46	0	0	55	0	0	0	0	0	29	0	0	0	0	0	0	0	56	0	0	0	0	0	0	0	64	0	0
521	del_mutL	7	1	100	22	1	3	3	8	11	4	7	3	2	0	1	0	0	3	2	0	0	8	5	0	0	10	0	0	0	7	1	0	0	2	2	0	0
521	del_mutL	7	1	100	50	4	3	1	18	6	7	5	3	2	5	1	0	0	2	1	0	0	18	1	1	0	9	0	0	0	5	0	0	0	5	0	0	0
521	del_mutL	7	1	100	75	13	0	7	64	1	19	24	0	6	6	0	0	0	0	1	0	0	16	0	0	0	2	1	0	0	1	0	0	0	0	1	0	0
521	del_mutL	7	1	100	100	7	0	0	19	0	0	6	0	1	16	0	0	0	0	0	0	0	65	0	0	1	0	0	0	0	19	0	0	0	1	0	0	0
521	del_mutL	7	1	100	150	15	0	7	58	0	12	13	0	6	15	0	2	2	0	4	0	0	59	0	6	4	0	6	0	0	16	0	2	3	0	4	0	0
521	del_mutL	7	1	100	175	7	0	30	72	0	54	36	0	19	11	0	8	0	0	21	0	0	88	0	23	6	0	25	0	0	44	0	3	0	0	16	0	0
521	del_mutL	7	1	100	200	0	0	31	0	0	101	0	0	71	0	0	0	0	0	31	0	0	0	0	0	0	0	100	0	0	0	0	0	0	0	72	0	0
522	del_srlD	8	-1	0	22	10	0	24	8	3	3	15	0	1	0	0	0	0	0	0	0	0	0	0	0	0	0	0	0	0	0	0	0	0	0	0	0	0
522	del_srlD	8	-1	0	50	9	0	5	7	0	3	12	0	8	0	0	0	0	0	0	0	0	0	0	0	0	0	0	0	0	0	0	0	0	0	0	0	0
522	del_srlD	8	-1	0	75	0	0	6	0	5	2	2	0	6	0	0	0	0	0	0	0	0	0	0	0	0	0	0	0	0	0	0	0	0	0	0	0	0
522	del_srlD	8	-1	0	100	0	0	16	7	0	5	3	0	11	0	0	0	0	0	0	0	0	0	0	0	0	0	0	0	0	0	0	0	0	0	0	0	0
522	del_srlD	8	-1	0	150	5	0	17	24	4	8	11	1	2	0	0	0	0	0	0	0	0	0	0	0	0	0	0	0	0	0	0	0	0	0	0	0	0
522	del_srlD	8	-1	0	175	6	0	9	40	3	6	14	0	9	0	0	0	0	0	0	0	0	0	0	0	0	0	0	0	0	0	0	0	0	0	0	0	0
522	del_srlD	8	-1	0	200	31	0	8	68	0	10	46	0	14	0	0	0	0	0	0	0	0	0	0	0	0	0	0	0	0	0	0	0	0	0	0	0	0
522	del_srlD	8	-1	0	225	0	0	7	0	0	45	0	0	35	0	0	0	0	0	0	0	0	0	0	0	0	0	0	0	0	0	0	0	0	0	0	0	0
523	del_mutL_araBAD	8	0	0	22	24	1	2	54	13	0	15	3	1	23	2	0	0	0	0	0	0	54	12	1	0	0	0	0	0	15	2	0	0	0	1	0	0
523	del_mutL_araBAD	8	0	0	50	15	5	0	56	8	1	15	2	0	15	4	0	0	0	0	0	0	56	8	0	0	0	0	0	0	14	2	0	0	0	0	0	0
523	del_mutL_araBAD	8	0	0	75	167	4	0	311	6	0	47	1	0	120	3	0	0	0	0	0	0	202	4	0	0	0	0	0	0	37	0	0	0	0	0	0	0
523	del_mutL_araBAD	8	0	0	100	5	1	4	26	0	2	4	0	3	5	1	1	0	0	4	0	0	26	2	0	0	0	2	0	0	4	1	0	0	0	3	0	0
523	del_mutL_araBAD	8	0	0	150	38	1	0	54	12	0	6	4	0	50	0	1	0	0	0	0	0	80	1	11	0	0	0	0	0	12	2	3	0	0	0	0	0
523	del_mutL_araBAD	8	0	0	175	8	0	12	24	0	13	12	0	8	8	0	0	0	0	17	0	0	23	0	0	0	0	14	0	0	12	0	0	0	0	8	0	0
523	del_mutL_araBAD	8	0	0	200	27	0	12	110	0	21	61	0	18	26	0	0	0	0	11	0	0	110	0	0	0	0	21	0	0	62	0	0	0	0	18	0	0
523	del_mutL_araBAD	8	0	0	225	0	0	23	0	0	57	0	0	30	0	0	0	0	0	58	0	0	0	0	0	0	0	141	0	0	0	0	0	0	0	34	0	0
524	wt	7	-1	0	50	5	0	1	10	5	1	5	0	2	0	0	0	0	0	0	0	0	0	0	0	0	0	0	0	0	0	0	0	0	0	0	0	0
524	wt	7	-1	0	75	0	0	0	0	1	0	0	0	0	0	0	0	0	0	0	0	0	0	0	0	0	0	0	0	0	0	0	0	0	0	0	0	0
524	wt	7	-1	0	100	15	1	0	29	0	0	8	1	0	0	0	0	0	0	0	0	0	0	0	0	0	0	0	0	0	0	0	0	0	0	0	0	0
524	wt	7	-1	0	150	0	0	0	0	4	0	0	0	0	0	0	0	0	0	0	0	0	0	0	0	0	0	0	0	0	0	0	0	0	0	0	0	0
524	wt	7	-1	0	175	21	0	14	101	0	9	60	0	15	0	0	0	0	0	0	0	0	0	0	0	0	0	0	0	0	0	0	0	0	0	0	0	0
524	wt	7	-1	0	200	13	0	5	53	0	9	30	0	12	0	0	0	0	0	0	0	0	0	0	0	0	0	0	0	0	0	0	0	0	0	0	0	0
524	wt	7	-1	0	225	0	0	9	0	0	63	0	0	39	0	0	0	0	0	0	0	0	0	0	0	0	0	0	0	0	0	0	0	0	0	0	0	0
