pop	pop_type	num_TP	out	coexist_length	SE	SF	SP	NE	NF	NP	IE	IF	IP	S1	S2	S3	S4	S5	S6	S7	S8	N1	N2	N3	N4	N5	N6	N7	N8	I1	I2	I3	I4	I5	I6	I7	I8
101	wt	8	1	1650	86	1	250	222	1	759	97	0	251	117	0	59	62	4	95	0	0	291	2	197	158	11	323	0	0	138	0	39	38	0	133	0	0
102	del_mutL_srlD	9	1	330	335	15	214	709	42	426	341	19	78	329	6	52	56	2	119	0	0	690	11	180	97	2	197	0	0	329	3	37	30	2	37	0	0
103	del_araBAD	9	0	0	103	0	21	212	2	64	133	1	15	102	0	0	0	0	22	0	0	212	2	4	5	0	55	0	0	132	0	2	7	2	6	0	0
104	del_mutL	9	1	2310	235	2	214	772	7	523	243	5	123	232	2	71	86	0	60	0	0	768	4	151	229	0	150	0	0	245	0	41	45	1	39	0	0
105	del_srlD	8	0	0	53	0	91	137	0	67	99	1	62	55	0	0	70	0	19	0	0	138	0	1	33	6	26	0	0	99	1	3	40	2	17	0	0
106	del_mutL_araBAD	9	1	2310	284	3	224	557	13	400	261	1	87	284	3	41	39	0	144	0	0	557	12	83	93	1	224	0	0	261	1	15	21	0	51	0	0
107	del_mutL_srlD	9	1	1650	351	9	188	761	35	371	314	13	69	346	0	59	31	1	111	0	0	758	0	228	48	2	131	0	0	315	0	31	8	4	38	0	0
108	del_araBAD	8	1	1980	90	0	87	127	0	280	94	0	226	90	0	1	0	0	86	0	0	123	0	3	0	1	280	0	0	91	0	2	0	1	226	0	0
109	del_mutL	9	1	1980	223	0	310	628	2	855	144	4	255	242	0	57	119	0	115	0	0	636	1	204	321	0	323	0	0	151	1	41	76	1	133	0	0
110	del_srlD	9	0	0	78	4	94	138	0	93	201	0	58	78	0	22	17	0	59	0	0	138	0	7	14	0	72	0	0	201	0	2	23	0	33	0	0
111	del_mutL_araBAD	9	1	1320	435	1	423	978	2	914	293	0	184	434	0	90	6	1	328	0	0	977	0	238	17	3	659	0	0	294	0	47	1	1	134	0	0
112	wt	7	-1	0	33	0	47	54	0	84	79	0	31	-1	-1	-1	-1	-1	-1	-1	-1	-1	-1	-1	-1	-1	-1	-1	-1	-1	-1	-1	-1	-1	-1	-1	-1
113	wt	8	1	1980	188	0	185	387	1	440	202	0	74	188	3	10	9	0	163	0	0	387	11	24	44	0	362	0	0	202	4	4	7	0	59	0	0
114	del_mutL_srlD	8	1	990	290	2	330	537	0	553	180	0	203	274	2	52	72	1	221	0	0	525	0	101	105	0	359	0	0	167	0	17	36	0	163	0	0
115	del_araBAD	9	0	0	130	0	138	254	1	269	193	0	76	130	0	7	14	0	117	0	0	253	1	17	38	2	213	0	0	193	0	5	7	1	63	0	0
116	del_mutL	9	1	330	879	0	93	1589	0	91	408	0	44	736	0	0	142	2	92	0	0	1306	0	1	283	5	85	0	0	343	0	0	67	0	42	0	0
117	del_srlD	8	0	0	103	0	131	75	0	164	50	0	157	103	0	11	71	0	49	0	0	75	0	2	92	1	69	0	0	50	0	0	93	1	63	0	0
118	del_mutL_araBAD	8	1	1980	258	0	261	585	0	652	193	0	201	257	0	93	25	0	144	0	0	585	0	262	60	4	326	0	0	192	0	47	12	1	142	0	0
119	del_mutL_srlD	9	0	0	325	4	265	729	12	618	311	0	152	321	1	58	116	7	91	0	0	730	7	225	199	15	183	0	0	311	0	40	80	1	31	0	0
120	del_araBAD	9	1	1650	111	0	37	101	0	114	135	0	84	111	0	0	14	0	23	0	0	101	0	3	12	1	98	0	0	135	0	2	7	0	75	0	0
121	del_mutL	8	1	2310	448	0	325	866	1	787	225	1	189	438	0	27	0	0	308	0	0	851	0	71	0	1	731	0	0	222	1	12	0	0	180	0	0
122	del_srlD	3	-1	0	0	0	243	0	0	461	0	0	135	-1	-1	-1	-1	-1	-1	-1	-1	-1	-1	-1	-1	-1	-1	-1	-1	-1	-1	-1	-1	-1	-1	-1	-1
123	del_mutL_araBAD	9	1	1980	392	1	318	817	0	960	256	0	209	383	0	64	67	2	195	0	0	808	0	251	253	9	456	0	0	254	0	48	53	1	109	0	0
124	wt	8	-1	0	95	0	65	105	0	224	68	0	163	-1	-1	-1	-1	-1	-1	-1	-1	-1	-1	-1	-1	-1	-1	-1	-1	-1	-1	-1	-1	-1	-1	-1	-1
201	wt	9	1	2640	98	0	36	200	0	67	157	1	48	98	0	0	6	0	30	0	0	200	0	1	20	0	46	0	0	157	1	1	11	0	36	0	0
202	del_mutL_srlD	9	1	1452	727	1	795	1205	6	1421	389	1	314	722	0	95	355	25	326	0	0	1200	6	166	615	28	617	0	0	384	1	33	141	5	140	0	0
203	del_araBAD	9	0	0	100	0	46	131	1	87	110	1	30	99	0	1	13	0	33	0	0	131	1	6	16	0	65	0	0	111	1	1	6	0	22	0	0
204	del_mutL	9	0	0	637	79	663	1276	153	1163	298	24	247	356	6	61	277	0	679	0	0	762	4	130	509	1	1186	0	0	205	1	20	89	0	254	0	0
205	del_srlD	9	0	0	103	0	82	189	0	81	195	0	87	103	0	0	30	0	52	0	0	188	0	1	39	1	41	0	0	196	0	2	52	1	31	0	0
206	del_mutL_araBAD	9	0	0	733	0	588	1264	5	1080	373	1	266	732	0	48	168	1	372	0	0	1263	2	103	284	7	690	0	0	374	1	17	74	0	174	0	0
207	del_mutL_srlD	9	1	7920	834	1	736	1389	9	1241	353	2	294	775	1	188	113	0	494	0	0	1274	8	396	176	0	785	0	0	342	2	88	37	1	179	0	0
208	del_araBAD	0	-1	0	0	0	0	0	0	0	0	0	0	-1	-1	-1	-1	-1	-1	-1	-1	-1	-1	-1	-1	-1	-1	-1	-1	-1	-1	-1	-1	-1	-1	-1	-1
209	del_mutL	9	0	0	581	18	713	1016	68	1297	339	8	316	575	4	21	84	0	628	0	0	1009	9	67	161	1	1134	0	0	339	2	7	27	0	288	0	0
210	del_srlD	9	1	1320	117	2	100	251	4	102	142	4	111	115	2	17	16	1	68	0	0	251	4	4	4	2	92	0	0	139	4	1	0	0	113	0	0
211	del_mutL_araBAD	7	1	6600	710	0	1057	1333	3	1968	328	3	425	699	0	246	259	1	562	0	0	1311	3	383	552	2	1053	0	0	315	3	66	110	0	262	0	0
212	wt	9	1	7920	115	0	60	189	2	161	66	0	144	114	0	0	8	0	53	0	0	188	2	1	10	0	151	0	0	64	0	1	4	0	141	0	0
213	wt	8	0	0	62	0	56	143	1	152	60	2	151	62	0	0	9	0	47	0	0	143	1	2	8	0	142	0	0	59	2	0	23	4	125	0	0
214	del_mutL_srlD	9	1	9240	418	7	630	937	15	1324	263	4	344	415	7	102	96	9	426	0	0	934	15	266	180	17	864	0	0	260	4	47	29	2	269	0	0
215	del_araBAD	9	-1	0	107	0	45	164	0	125	129	1	117	-1	-1	-1	-1	-1	-1	-1	-1	-1	-1	-1	-1	-1	-1	-1	-1	-1	-1	-1	-1	-1	-1	-1	-1
216	del_mutL	9	1	9240	692	0	1085	1995	1	2448	503	0	484	692	0	7	233	0	845	0	0	1994	1	19	464	0	1966	0	0	504	0	8	78	0	397	0	0
217	del_srlD	8	1	9240	605	0	799	1258	0	1796	335	1	465	601	0	26	148	0	629	0	0	1252	0	29	260	0	1513	0	0	321	1	7	50	0	422	0	0
218	del_mutL_araBAD	8	1	9240	558	0	854	1070	2	1697	292	1	349	556	0	171	17	2	666	0	0	1070	2	347	40	1	1309	0	0	295	1	65	8	1	272	0	0
219	del_mutL_srlD	8	1	9240	680	0	666	1157	2	1003	308	2	280	682	0	162	178	0	324	0	0	1157	2	306	253	1	443	0	0	307	2	64	59	0	158	0	0
220	del_araBAD	8	1	6600	64	0	52	147	1	115	78	2	125	64	0	1	2	0	49	0	0	147	1	8	6	0	101	0	0	78	1	3	1	1	121	0	0
221	del_mutL	9	1	9240	740	3	662	1505	11	1201	317	2	337	744	3	119	167	3	369	0	0	1511	11	202	327	9	657	0	0	316	2	35	60	1	242	0	0
222	del_srlD	8	1	6600	111	0	65	164	0	62	70	1	61	101	0	5	24	0	46	0	0	157	0	5	5	0	59	0	0	64	1	0	8	0	59	0	0
223	del_mutL_araBAD	8	1	7920	575	0	809	1021	2	1524	238	1	346	606	0	153	220	0	405	0	0	1084	2	283	401	3	774	0	0	248	2	57	72	0	206	0	0
224	wt	0	-1	0	0	0	0	0	0	0	0	0	0	-1	-1	-1	-1	-1	-1	-1	-1	-1	-1	-1	-1	-1	-1	-1	-1	-1	-1	-1	-1	-1	-1	-1	-1
301	wt	9	0	0	113	2	43	213	5	66	178	3	61	95	1	1	18	0	43	0	0	199	0	5	14	0	66	0	0	174	2	1	4	0	61	0	0
302	del_mutL_srlD	9	1	9239	637	251	309	1161	468	423	434	91	125	581	6	238	91	0	281	0	0	1058	19	441	139	4	391	0	0	384	5	83	57	1	120	0	0
303	del_araBAD	9	1	16169	104	0	140	175	0	167	190	1	157	104	0	8	17	0	115	0	0	175	0	11	10	0	146	0	0	190	1	1	2	1	153	0	0
304	del_mutL	8	0	0	569	139	584	970	279	958	246	42	214	561	51	356	120	5	199	0	0	953	119	627	223	7	278	0	0	241	26	103	62	1	69	0	0
305	del_srlD	6	0	0	57	1	98	122	5	67	111	4	65	56	1	0	46	0	53	0	0	122	5	7	24	0	36	0	0	110	4	1	21	0	44	0	0
306	del_mutL_araBAD	9	0	0	944	1	907	1838	5	1671	483	3	373	1097	1	0	753	1	0	0	0	2141	3	0	1364	6	0	0	0	569	2	0	285	3	0	0	0
307	del_mutL_srlD	2	-1	0	0	0	252	0	0	472	0	0	97	-1	-1	-1	-1	-1	-1	-1	-1	-1	-1	-1	-1	-1	-1	-1	-1	-1	-1	-1	-1	-1	-1	-1	-1
308	del_araBAD	9	1	9240	103	0	47	201	4	52	129	4	56	99	0	2	3	0	46	0	0	196	4	5	5	0	47	0	0	119	4	3	4	0	59	0	0
309	del_mutL	9	1	2311	853	120	334	1647	243	544	507	40	110	714	100	25	25	0	443	0	0	1395	223	33	34	2	747	0	0	461	36	4	9	1	146	0	0
310	del_srlD	7	0	0	76	2	51	106	5	44	101	4	56	75	2	1	22	0	29	0	0	106	4	5	11	4	25	0	0	100	3	3	33	2	20	0	0
311	del_mutL_araBAD	8	1	13860	568	7	1097	1115	21	1845	386	6	409	568	2	208	336	49	509	0	0	1115	8	363	541	77	877	0	0	387	2	73	142	13	184	0	0
312	wt	8	1	6931	101	5	21	108	6	21	112	3	35	101	3	0	0	2	21	0	0	103	5	1	5	0	21	0	0	115	2	1	1	0	31	0	0
313	wt	9	1	16169	75	0	35	136	2	56	114	1	29	75	0	5	3	0	27	0	0	136	2	9	11	1	35	0	0	114	1	3	2	0	24	0	0
314	del_mutL_srlD	8	1	9240	248	108	521	443	197	790	152	45	249	248	106	47	91	1	384	0	0	440	197	76	139	0	578	0	0	150	44	16	29	1	206	0	0
315	del_araBAD	9	1	13860	102	3	27	253	13	24	174	6	35	100	0	3	2	0	27	0	0	239	0	13	13	0	25	0	0	167	1	5	7	0	35	0	0
316	del_mutL	9	1	16169	562	37	884	963	78	1539	224	11	332	562	34	158	355	1	373	0	0	963	77	261	660	2	617	0	0	223	10	46	138	1	149	0	0
317	del_srlD	8	0	0	136	4	127	292	7	151	154	5	150	127	3	1	9	0	127	0	0	274	3	4	18	0	151	0	0	134	3	2	17	0	153	0	0
318	del_mutL_araBAD	9	1	16169	384	21	767	682	46	1348	218	7	333	384	21	125	320	0	322	0	0	683	44	227	507	1	614	0	0	218	7	32	92	0	209	0	0
319	del_mutL_srlD	8	1	13860	444	73	717	764	142	1159	284	24	278	444	71	284	40	0	395	0	0	764	141	505	52	0	603	0	0	284	21	92	21	2	166	0	0
320	del_araBAD	9	0	0	125	2	38	229	8	54	187	2	72	125	0	2	0	0	38	0	0	230	2	6	0	0	53	0	0	186	1	1	0	0	73	0	0
321	del_mutL	9	1	13860	1128	36	2001	1105	56	1977	317	13	388	1078	5	94	1059	7	922	0	0	1075	10	130	1122	0	801	0	0	313	6	23	203	0	173	0	0
322	del_srlD	8	1	16169	72	0	380	139	0	573	152	0	177	71	0	1	0	0	380	0	0	139	0	13	0	3	557	0	0	145	1	5	0	0	178	0	0
323	del_mutL_araBAD	8	1	13860	802	175	319	1423	363	549	368	73	213	573	11	156	228	3	325	0	0	994	15	325	432	9	560	0	0	298	5	66	73	0	212	0	0
324	wt	9	1	4621	116	2	32	186	12	49	156	1	52	113	2	0	2	0	33	0	0	182	8	4	3	0	50	0	0	151	1	0	5	0	52	0	0
401	wt	9	1	165	60	1	29	146	13	60	82	2	23	58	1	1	10	0	20	0	0	140	13	13	14	0	39	0	0	80	2	4	4	0	17	0	0
402	del_mutL_srlD	9	1	66	214	28	256	575	96	438	206	16	169	214	28	10	47	0	199	0	0	575	97	24	59	0	354	0	0	204	16	0	44	0	127	0	0
403	del_araBAD	7	1	198	63	0	57	156	10	170	60	2	66	63	0	17	10	0	30	0	0	157	10	59	21	1	88	0	0	60	2	9	3	0	54	0	0
404	del_mutL	9	1	99	787	8	405	1779	26	836	313	5	219	779	7	4	248	1	161	0	0	1763	16	26	519	0	317	0	0	312	4	5	103	0	113	0	0
405	del_srlD	8	1	165	105	8	211	200	12	335	100	7	124	112	8	61	15	1	127	0	0	200	12	113	13	0	209	0	0	100	7	8	15	0	101	0	0
406	del_mutL_araBAD	9	1	99	401	33	67	836	95	154	177	20	85	296	9	24	105	0	67	0	0	595	27	68	241	0	154	0	0	140	9	11	37	1	84	0	0
407	del_mutL_srlD	8	1	231	119	9	305	310	15	655	150	2	190	127	8	46	42	0	210	0	0	331	14	159	73	3	400	0	0	151	2	31	15	0	143	0	0
408	del_araBAD	9	1	165	258	0	327	565	2	633	124	0	157	262	0	76	27	0	220	0	0	564	2	149	66	1	418	0	0	123	0	36	14	0	108	0	0
409	del_mutL	8	1	231	97	5	199	312	23	464	128	5	158	97	5	45	45	0	109	0	0	312	23	94	108	0	262	0	0	128	5	18	23	1	116	0	0
410	del_srlD	8	0	0	59	15	119	115	50	130	99	5	82	57	15	21	41	2	57	0	0	114	50	14	21	0	96	0	0	99	5	3	34	0	45	0	0
411	del_mutL_araBAD	9	1	132	245	35	218	689	74	435	246	13	119	245	35	47	46	1	124	0	0	689	73	86	85	1	264	0	0	244	12	13	18	0	91	0	0
412	wt	9	0	0	74	7	27	144	2	87	64	0	54	74	7	0	0	1	26	0	0	145	2	18	0	0	68	0	0	63	0	3	0	0	52	0	0
413	wt	8	0	0	126	107	64	338	216	114	111	51	53	126	106	2	3	2	58	0	0	338	216	0	2	0	112	0	0	111	51	1	2	2	48	0	0
414	del_mutL_srlD	9	1	198	341	4	672	639	15	1296	235	5	283	346	4	305	85	1	276	0	0	658	15	575	173	1	528	0	0	229	3	112	44	2	133	0	0
415	del_araBAD	9	1	66	123	22	198	327	53	465	120	10	186	123	20	28	39	2	131	0	0	329	53	57	59	0	347	0	0	120	10	9	38	0	139	0	0
416	del_mutL	9	0	0	191	46	109	482	99	216	128	17	110	177	14	32	14	0	109	0	0	442	30	66	40	3	216	0	0	119	5	12	9	0	110	0	0
417	del_srlD	9	1	165	104	1	88	217	10	216	148	3	46	104	0	8	32	0	49	0	0	217	7	54	63	3	99	0	0	148	2	14	17	0	16	0	0
418	del_mutL_araBAD	9	1	165	158	2	307	436	15	798	186	3	205	156	2	49	135	0	125	0	0	436	15	155	259	1	383	0	0	184	2	41	61	0	106	0	0
419	del_mutL_srlD	8	1	132	777	42	103	764	154	110	314	39	29	745	0	42	47	0	88	0	0	618	1	153	150	0	106	0	0	290	0	39	25	0	28	0	0
420	del_araBAD	9	1	165	166	0	109	310	16	238	154	6	84	166	0	15	14	0	80	0	0	310	16	32	49	0	157	0	0	154	6	4	10	0	70	0	0
421	del_mutL	8	1	66	162	40	136	348	106	276	105	26	137	109	4	36	53	0	136	0	0	244	27	79	104	0	276	0	0	72	7	19	33	0	137	0	0
422	del_srlD	9	-1	0	77	10	86	148	20	85	116	5	67	-1	-1	-1	-1	-1	-1	-1	-1	-1	-1	-1	-1	-1	-1	-1	-1	-1	-1	-1	-1	-1	-1	-1	-1
423	del_mutL_araBAD	9	1	165	318	51	296	662	106	723	173	26	201	318	51	47	49	0	200	0	0	662	106	104	127	1	491	0	0	173	26	26	40	2	133	0	0
424	wt	9	1	132	96	25	148	269	40	367	133	14	190	96	24	7	20	1	121	0	0	268	39	22	60	1	286	0	0	136	14	9	8	0	170	0	0
501	wt	7	-1	0	131	0	26	259	14	61	117	3	46	-1	-1	-1	-1	-1	-1	-1	-1	-1	-1	-1	-1	-1	-1	-1	-1	-1	-1	-1	-1	-1	-1	-1	-1
502	del_mutL_srlD	7	1	125	55	10	135	134	37	183	89	8	118	66	10	0	31	0	93	0	0	136	36	5	25	1	151	0	0	89	8	2	39	0	77	0	0
503	del_araBAD	8	0	0	89	9	31	161	15	77	102	4	78	77	1	7	12	2	30	0	0	150	3	12	11	0	77	0	0	98	1	3	2	0	80	0	0
504	del_mutL	8	0	0	98	11	42	208	45	71	160	13	63	100	10	0	20	1	20	0	0	208	43	0	17	2	54	0	0	162	12	0	22	1	39	0	0
505	del_srlD	8	-1	0	62	0	124	104	13	180	111	2	150	-1	-1	-1	-1	-1	-1	-1	-1	-1	-1	-1	-1	-1	-1	-1	-1	-1	-1	-1	-1	-1	-1	-1	-1
506	del_mutL_araBAD	8	1	25	133	17	78	384	42	192	153	8	66	124	6	11	9	0	78	0	0	343	24	17	40	1	193	0	0	140	4	4	13	0	66	0	0
507	del_mutL_srlD	5	0	0	205	6	156	440	26	213	146	7	101	198	6	8	73	11	71	0	0	439	26	2	108	4	100	0	0	146	7	0	34	0	67	0	0
508	del_araBAD	7	-1	0	198	9	54	187	15	40	112	6	17	-1	-1	-1	-1	-1	-1	-1	-1	-1	-1	-1	-1	-1	-1	-1	-1	-1	-1	-1	-1	-1	-1	-1	-1
509	del_mutL	8	-1	0	168	10	65	501	47	136	168	10	69	-1	-1	-1	-1	-1	-1	-1	-1	-1	-1	-1	-1	-1	-1	-1	-1	-1	-1	-1	-1	-1	-1	-1	-1
510	del_srlD	8	0	0	52	0	112	142	17	74	112	2	94	40	0	0	12	2	110	0	0	98	9	4	44	5	73	0	0	82	1	1	29	0	95	0	0
511	del_mutL_araBAD	6	0	0	80	16	45	239	50	63	82	13	65	95	14	5	0	2	25	0	0	261	50	0	0	0	41	0	0	91	14	0	0	3	52	0	0
512	wt	7	0	0	30	9	28	94	18	41	76	4	51	30	4	5	0	0	28	0	0	94	5	12	0	3	39	0	0	76	2	1	0	2	50	0	0
513	wt	7	0	0	72	0	42	207	7	93	124	1	52	72	0	1	15	0	26	0	0	206	7	10	42	0	42	0	0	124	1	2	16	0	34	0	0
514	del_mutL_srlD	8	0	0	183	11	148	580	30	201	236	8	82	190	4	28	0	0	120	0	0	582	14	83	0	1	131	0	0	236	3	17	0	0	70	0	0
515	del_araBAD	8	0	0	106	9	17	199	14	31	93	4	30	69	8	0	38	1	16	0	0	107	9	4	92	2	30	0	0	69	2	1	25	2	28	0	0
516	del_mutL	8	0	0	337	77	165	738	217	299	222	29	93	270	49	26	67	0	167	0	0	604	150	66	133	0	301	0	0	183	20	9	39	0	93	0	0
517	del_srlD	8	-1	0	192	0	100	421	12	73	151	1	80	-1	-1	-1	-1	-1	-1	-1	-1	-1	-1	-1	-1	-1	-1	-1	-1	-1	-1	-1	-1	-1	-1	-1	-1
518	del_mutL_araBAD	8	-1	0	392	13	37	818	43	91	219	13	96	-1	-1	-1	-1	-1	-1	-1	-1	-1	-1	-1	-1	-1	-1	-1	-1	-1	-1	-1	-1	-1	-1	-1	-1
519	del_mutL_srlD	8	0	0	182	20	114	501	50	79	209	9	81	191	18	14	17	5	71	0	0	502	38	10	17	12	51	0	0	208	8	0	44	1	38	0	0
520	del_araBAD	8	0	0	34	9	39	153	17	64	119	3	90	40	4	0	3	5	30	0	0	155	17	0	2	2	58	0	0	133	3	0	10	0	66	0	0
521	del_mutL	7	1	100	47	6	79	239	18	197	91	6	107	53	2	10	2	5	60	0	0	254	6	30	11	21	132	0	0	92	1	5	3	8	95	0	0
522	del_srlD	8	-1	0	61	0	92	154	15	82	103	1	86	-1	-1	-1	-1	-1	-1	-1	-1	-1	-1	-1	-1	-1	-1	-1	-1	-1	-1	-1	-1	-1	-1	-1	-1
523	del_mutL_araBAD	8	0	0	284	12	53	635	39	94	160	10	60	247	10	2	0	0	90	0	0	551	27	12	0	0	178	0	0	156	7	3	0	0	64	0	0
524	wt	7	-1	0	54	1	29	193	10	82	103	1	68	-1	-1	-1	-1	-1	-1	-1	-1	-1	-1	-1	-1	-1	-1	-1	-1	-1	-1	-1	-1	-1	-1	-1	-1
